N Tempo_ms
1000 16.000000
2000 0.000000
3000 0.000000
4000 2.000000
5000 0.000000
6000 2.000000
7000 0.000000
8000 2.000000
9000 2.000000
10000 2.000000
11000 2.000000
12000 2.000000
13000 5.000000
14000 6.000000
15000 0.000000
16000 8.000000
17000 7.000000
18000 0.000000
19000 11.000000
20000 4.000000
21000 3.000000
22000 0.000000
23000 0.000000
24000 17.000000
25000 0.000000
26000 0.000000
27000 18.000000
28000 6.000000
29000 6.000000
30000 0.000000
31000 11.000000
32000 8.000000
33000 8.000000
34000 9.000000
35000 8.000000
36000 9.000000
37000 8.000000
38000 9.000000
39000 7.000000
40000 8.000000
41000 8.000000
42000 8.000000
43000 0.000000
44000 17.000000
45000 16.000000
46000 0.000000
47000 15.000000
48000 16.000000
49000 0.000000
50000 22.000000
51000 9.000000
52000 10.000000
53000 11.000000
54000 8.000000
55000 16.000000
56000 0.000000
57000 24.000000
58000 7.000000
59000 16.000000
60000 0.000000
61000 16.000000
62000 16.000000
63000 22.000000
64000 15.000000
65000 10.000000
66000 16.000000
67000 16.000000
68000 15.000000
69000 0.000000
70000 16.000000
71000 32.000000
72000 19.000000
73000 14.000000
74000 26.000000
75000 16.000000
76000 17.000000
77000 25.000000
78000 16.000000
79000 17.000000
80000 25.000000
81000 16.000000
82000 17.000000
83000 23.000000
84000 22.000000
85000 22.000000
86000 17.000000
87000 25.000000
88000 16.000000
89000 25.000000
90000 17.000000
91000 29.000000
92000 23.000000
93000 23.000000
94000 27.000000
95000 24.000000
96000 24.000000
97000 24.000000
98000 17.000000
99000 25.000000
100000 27.000000
101000 29.000000
102000 28.000000
103000 25.000000
104000 25.000000
105000 25.000000
106000 25.000000
107000 25.000000
108000 25.000000
109000 16.000000
110000 38.000000
111000 26.000000
112000 15.000000
113000 32.000000
114000 16.000000
115000 40.000000
116000 25.000000
117000 14.000000
118000 34.000000
119000 30.000000
120000 15.000000
121000 39.000000
122000 25.000000
123000 31.000000
124000 17.000000
125000 31.000000
126000 32.000000
127000 32.000000
128000 31.000000
129000 33.000000
130000 30.000000
131000 32.000000
132000 15.000000
133000 32.000000
134000 32.000000
135000 31.000000
136000 32.000000
137000 40.000000
138000 36.000000
139000 27.000000
140000 32.000000
141000 32.000000
142000 41.000000
143000 24.000000
144000 30.000000
145000 48.000000
146000 32.000000
147000 31.000000
148000 37.000000
149000 25.000000
150000 44.000000
151000 37.000000
152000 30.000000
153000 33.000000
154000 43.000000
155000 28.000000
156000 48.000000
157000 32.000000
158000 32.000000
159000 31.000000
160000 48.000000
161000 32.000000
162000 47.000000
163000 32.000000
164000 31.000000
165000 52.000000
166000 28.000000
167000 47.000000
168000 34.000000
169000 37.000000
170000 48.000000
171000 33.000000
172000 46.000000
173000 48.000000
174000 31.000000
175000 48.000000
176000 31.000000
177000 48.000000
178000 47.000000
179000 32.000000
180000 48.000000
181000 47.000000
182000 41.000000
183000 31.000000
184000 48.000000
185000 48.000000
186000 47.000000
187000 32.000000
188000 47.000000
189000 48.000000
190000 47.000000
191000 47.000000
192000 49.000000
193000 46.000000
194000 48.000000
195000 47.000000
196000 48.000000
197000 47.000000
198000 47.000000
199000 48.000000
200000 47.000000
201000 48.000000
202000 47.000000
203000 48.000000
204000 54.000000
205000 48.000000
206000 47.000000
207000 48.000000
208000 48.000000
209000 48.000000
210000 55.000000
211000 55.000000
212000 49.000000
213000 47.000000
214000 60.000000
215000 49.000000
216000 48.000000
217000 68.000000
218000 58.000000
219000 60.000000
220000 62.000000
221000 57.000000
222000 58.000000
223000 59.000000
224000 89.000000
225000 122.000000
226000 66.000000
227000 63.000000
228000 78.000000
229000 61.000000
230000 62.000000
231000 59.000000
232000 58.000000
233000 58.000000
234000 65.000000
235000 63.000000
236000 67.000000
237000 64.000000
238000 65.000000
239000 65.000000
240000 65.000000
241000 88.000000
242000 92.000000
243000 69.000000
244000 66.000000
245000 62.000000
246000 65.000000
247000 54.000000
248000 63.000000
249000 64.000000
250000 83.000000
251000 80.000000
252000 73.000000
253000 69.000000
254000 73.000000
255000 71.000000
256000 65.000000
257000 73.000000
258000 83.000000
259000 69.000000
260000 67.000000
261000 64.000000
262000 75.000000
263000 66.000000
264000 68.000000
265000 67.000000
266000 76.000000
267000 80.000000
268000 67.000000
269000 75.000000
270000 77.000000
271000 71.000000
272000 96.000000
273000 75.000000
274000 71.000000
275000 78.000000
276000 76.000000
277000 75.000000
278000 72.000000
279000 74.000000
280000 72.000000
281000 84.000000
282000 82.000000
283000 94.000000
284000 72.000000
285000 80.000000
286000 79.000000
287000 79.000000
288000 79.000000
289000 80.000000
290000 81.000000
291000 99.000000
292000 98.000000
293000 95.000000
294000 100.000000
295000 95.000000
296000 143.000000
297000 95.000000
298000 92.000000
299000 92.000000
300000 100.000000
301000 83.000000
302000 85.000000
303000 81.000000
304000 94.000000
305000 98.000000
306000 75.000000
307000 84.000000
308000 92.000000
309000 97.000000
310000 91.000000
311000 84.000000
312000 72.000000
313000 79.000000
314000 81.000000
315000 96.000000
316000 83.000000
317000 64.000000
318000 112.000000
319000 125.000000
320000 103.000000
321000 100.000000
322000 99.000000
323000 109.000000
324000 121.000000
325000 106.000000
326000 91.000000
327000 91.000000
328000 92.000000
329000 109.000000
330000 83.000000
331000 87.000000
332000 88.000000
333000 95.000000
334000 104.000000
335000 98.000000
336000 108.000000
337000 96.000000
338000 100.000000
339000 99.000000
340000 92.000000
341000 83.000000
342000 96.000000
343000 95.000000
344000 91.000000
345000 104.000000
346000 106.000000
347000 125.000000
348000 98.000000
349000 90.000000
350000 87.000000
351000 95.000000
352000 136.000000
353000 110.000000
354000 98.000000
355000 106.000000
356000 102.000000
357000 116.000000
358000 100.000000
359000 98.000000
360000 103.000000
361000 94.000000
362000 92.000000
363000 101.000000
364000 105.000000
365000 100.000000
366000 103.000000
367000 90.000000
368000 95.000000
369000 114.000000
370000 132.000000
371000 120.000000
372000 108.000000
373000 106.000000
374000 102.000000
375000 98.000000
376000 104.000000
377000 99.000000
378000 106.000000
379000 182.000000
380000 101.000000
381000 102.000000
382000 109.000000
383000 126.000000
384000 138.000000
385000 103.000000
386000 106.000000
387000 110.000000
388000 99.000000
389000 112.000000
390000 118.000000
391000 98.000000
392000 110.000000
393000 95.000000
394000 95.000000
395000 95.000000
396000 111.000000
397000 140.000000
398000 113.000000
399000 109.000000
400000 109.000000
401000 96.000000
402000 110.000000
403000 95.000000
404000 110.000000
405000 95.000000
406000 111.000000
407000 94.000000
408000 111.000000
409000 102.000000
410000 111.000000
411000 111.000000
412000 96.000000
413000 111.000000
414000 103.000000
415000 110.000000
416000 95.000000
417000 111.000000
418000 112.000000
419000 94.000000
420000 111.000000
421000 121.000000
422000 100.000000
423000 112.000000
424000 119.000000
425000 95.000000
426000 126.000000
427000 95.000000
428000 94.000000
429000 119.000000
430000 111.000000
431000 111.000000
432000 111.000000
433000 118.000000
434000 103.000000
435000 112.000000
436000 127.000000
437000 111.000000
438000 124.000000
439000 105.000000
440000 110.000000
441000 126.000000
442000 114.000000
443000 117.000000
444000 111.000000
445000 110.000000
446000 111.000000
447000 128.000000
448000 110.000000
449000 128.000000
450000 111.000000
451000 126.000000
452000 119.000000
453000 127.000000
454000 127.000000
455000 126.000000
456000 120.000000
457000 127.000000
458000 158.000000
459000 130.000000
460000 115.000000
461000 111.000000
462000 126.000000
463000 127.000000
464000 118.000000
465000 118.000000
466000 111.000000
467000 126.000000
468000 111.000000
469000 127.000000
470000 127.000000
471000 111.000000
472000 126.000000
473000 118.000000
474000 128.000000
475000 127.000000
476000 111.000000
477000 134.000000
478000 118.000000
479000 127.000000
480000 143.000000
481000 158.000000
482000 143.000000
483000 142.000000
484000 142.000000
485000 143.000000
486000 158.000000
487000 142.000000
488000 158.000000
489000 134.000000
490000 149.000000
491000 134.000000
492000 166.000000
493000 142.000000
494000 159.000000
495000 144.000000
496000 157.000000
497000 158.000000
498000 143.000000
499000 166.000000
500000 143.000000
501000 142.000000
502000 159.000000
503000 158.000000
504000 142.000000
505000 158.000000
506000 167.000000
507000 143.000000
508000 146.000000
509000 163.000000
510000 159.000000
511000 142.000000
512000 159.000000
513000 158.000000
514000 158.000000
515000 166.000000
516000 150.000000
517000 158.000000
518000 158.000000
519000 175.000000
520000 158.000000
521000 159.000000
522000 158.000000
523000 169.000000
524000 155.000000
525000 158.000000
526000 168.000000
527000 149.000000
528000 158.000000
529000 158.000000
530000 158.000000
531000 174.000000
532000 158.000000
533000 174.000000
534000 159.000000
535000 158.000000
536000 166.000000
537000 158.000000
538000 174.000000
539000 174.000000
540000 159.000000
541000 174.000000
542000 158.000000
543000 176.000000
544000 174.000000
545000 167.000000
546000 159.000000
547000 174.000000
548000 166.000000
549000 182.000000
550000 167.000000
551000 166.000000
552000 175.000000
553000 174.000000
554000 174.000000
555000 169.000000
556000 166.000000
557000 176.000000
558000 164.000000
559000 174.000000
560000 175.000000
561000 173.000000
562000 174.000000
563000 193.000000
564000 173.000000
565000 174.000000
566000 199.000000
567000 175.000000
568000 179.000000
569000 167.000000
570000 182.000000
571000 175.000000
572000 171.000000
573000 175.000000
574000 174.000000
575000 182.000000
576000 175.000000
577000 190.000000
578000 174.000000
579000 190.000000
580000 174.000000
581000 191.000000
582000 174.000000
583000 173.000000
584000 202.000000
585000 183.000000
586000 174.000000
587000 193.000000
588000 178.000000
589000 190.000000
590000 174.000000
591000 175.000000
592000 190.000000
593000 198.000000
594000 189.000000
595000 174.000000
596000 190.000000
597000 192.000000
598000 198.000000
599000 230.000000
600000 224.000000
601000 225.000000
602000 214.000000
603000 188.000000
604000 190.000000
605000 190.000000
606000 189.000000
607000 195.000000
608000 184.000000
609000 191.000000
610000 190.000000
611000 214.000000
612000 190.000000
613000 189.000000
614000 206.000000
615000 189.000000
616000 191.000000
617000 206.000000
618000 190.000000
619000 198.000000
620000 182.000000
621000 195.000000
622000 201.000000
623000 180.000000
624000 205.000000
625000 190.000000
626000 205.000000
627000 190.000000
628000 206.000000
629000 199.000000
630000 174.000000
631000 208.000000
632000 191.000000
633000 198.000000
634000 195.000000
635000 184.000000
636000 198.000000
637000 207.000000
638000 206.000000
639000 199.000000
640000 182.000000
641000 203.000000
642000 177.000000
643000 208.000000
644000 206.000000
645000 196.000000
646000 191.000000
647000 200.000000
648000 186.000000
649000 190.000000
650000 207.000000
651000 198.000000
652000 191.000000
653000 192.000000
654000 207.000000
655000 204.000000
656000 207.000000
657000 189.000000
658000 207.000000
659000 205.000000
660000 207.000000
661000 192.000000
662000 207.000000
663000 208.000000
664000 207.000000
665000 198.000000
666000 207.000000
667000 207.000000
668000 207.000000
669000 209.000000
670000 206.000000
671000 207.000000
672000 208.000000
673000 199.000000
674000 206.000000
675000 199.000000
676000 190.000000
677000 209.000000
678000 216.000000
679000 203.000000
680000 199.000000
681000 198.000000
682000 208.000000
683000 213.000000
684000 225.000000
685000 223.000000
686000 207.000000
687000 208.000000
688000 214.000000
689000 206.000000
690000 192.000000
691000 207.000000
692000 224.000000
693000 214.000000
694000 207.000000
695000 207.000000
696000 224.000000
697000 189.000000
698000 224.000000
699000 207.000000
700000 223.000000
701000 206.000000
702000 225.000000
703000 286.000000
704000 312.000000
705000 266.000000
706000 243.000000
707000 222.000000
708000 223.000000
709000 198.000000
710000 255.000000
711000 322.000000
712000 222.000000
713000 248.000000
714000 224.000000
715000 224.000000
716000 215.000000
717000 212.000000
718000 237.000000
719000 223.000000
720000 242.000000
721000 227.000000
722000 234.000000
723000 230.000000
724000 222.000000
725000 231.000000
726000 218.000000
727000 235.000000
728000 223.000000
729000 241.000000
730000 235.000000
731000 218.000000
732000 232.000000
733000 258.000000
734000 265.000000
735000 217.000000
736000 292.000000
737000 255.000000
738000 236.000000
739000 239.000000
740000 219.000000
741000 228.000000
742000 223.000000
743000 238.000000
744000 223.000000
745000 241.000000
746000 215.000000
747000 216.000000
748000 229.000000
749000 224.000000
750000 238.000000
751000 224.000000
752000 238.000000
753000 231.000000
754000 230.000000
755000 239.000000
756000 240.000000
757000 230.000000
758000 241.000000
759000 242.000000
760000 249.000000
761000 263.000000
762000 223.000000
763000 231.000000
764000 239.000000
765000 241.000000
766000 242.000000
767000 237.000000
768000 231.000000
769000 240.000000
770000 231.000000
771000 239.000000
772000 231.000000
773000 223.000000
774000 227.000000
775000 227.000000
776000 223.000000
777000 247.000000
778000 226.000000
779000 245.000000
780000 254.000000
781000 239.000000
782000 246.000000
783000 237.000000
784000 234.000000
785000 238.000000
786000 253.000000
787000 239.000000
788000 244.000000
789000 255.000000
790000 238.000000
791000 243.000000
792000 281.000000
793000 298.000000
794000 305.000000
795000 285.000000
796000 294.000000
797000 285.000000
798000 271.000000
799000 254.000000
800000 233.000000
801000 255.000000
802000 283.000000
803000 326.000000
804000 256.000000
805000 246.000000
806000 257.000000
807000 240.000000
808000 259.000000
809000 242.000000
810000 247.000000
811000 254.000000
812000 261.000000
813000 240.000000
814000 231.000000
815000 253.000000
816000 246.000000
817000 255.000000
818000 263.000000
819000 256.000000
820000 279.000000
821000 253.000000
822000 263.000000
823000 255.000000
824000 254.000000
825000 239.000000
826000 263.000000
827000 256.000000
828000 257.000000
829000 262.000000
830000 247.000000
831000 271.000000
832000 251.000000
833000 253.000000
834000 255.000000
835000 278.000000
836000 260.000000
837000 270.000000
838000 285.000000
839000 238.000000
840000 274.000000
841000 269.000000
842000 263.000000
843000 247.000000
844000 278.000000
845000 255.000000
846000 258.000000
847000 323.000000
848000 303.000000
849000 318.000000
850000 292.000000
851000 270.000000
852000 286.000000
853000 271.000000
854000 271.000000
855000 255.000000
856000 262.000000
857000 270.000000
858000 313.000000
859000 298.000000
860000 318.000000
861000 328.000000
862000 287.000000
863000 254.000000
864000 255.000000
865000 279.000000
866000 256.000000
867000 255.000000
868000 272.000000
869000 278.000000
870000 271.000000
871000 279.000000
872000 257.000000
873000 279.000000
874000 262.000000
875000 273.000000
876000 272.000000
877000 279.000000
878000 272.000000
879000 279.000000
880000 287.000000
881000 262.000000
882000 295.000000
883000 268.000000
884000 278.000000
885000 289.000000
886000 262.000000
887000 271.000000
888000 279.000000
889000 287.000000
890000 278.000000
891000 256.000000
892000 271.000000
893000 286.000000
894000 279.000000
895000 272.000000
896000 279.000000
897000 288.000000
898000 301.000000
899000 273.000000
900000 284.000000
901000 286.000000
902000 308.000000
903000 270.000000
904000 288.000000
905000 294.000000
906000 284.000000
907000 293.000000
908000 287.000000
909000 287.000000
910000 277.000000
911000 295.000000
912000 310.000000
913000 366.000000
914000 299.000000
915000 290.000000
916000 280.000000
917000 299.000000
918000 281.000000
919000 285.000000
920000 289.000000
921000 299.000000
922000 286.000000
923000 305.000000
924000 273.000000
925000 292.000000
926000 310.000000
927000 287.000000
928000 310.000000
929000 276.000000
930000 307.000000
931000 296.000000
932000 289.000000
933000 282.000000
934000 310.000000
935000 304.000000
936000 293.000000
937000 285.000000
938000 287.000000
939000 284.000000
940000 286.000000
941000 321.000000
942000 304.000000
943000 301.000000
944000 296.000000
945000 289.000000
946000 309.000000
947000 316.000000
948000 308.000000
949000 288.000000
950000 311.000000
951000 293.000000
952000 326.000000
953000 307.000000
954000 302.000000
955000 302.000000
956000 314.000000
957000 308.000000
958000 313.000000
959000 303.000000
960000 317.000000
961000 302.000000
962000 317.000000
963000 297.000000
964000 318.000000
965000 301.000000
966000 302.000000
967000 309.000000
968000 333.000000
969000 312.000000
970000 329.000000
971000 305.000000
972000 292.000000
973000 287.000000
974000 324.000000
975000 310.000000
976000 318.000000
977000 318.000000
978000 301.000000
979000 311.000000
980000 317.000000
981000 315.000000
982000 311.000000
983000 317.000000
984000 302.000000
985000 308.000000
986000 317.000000
987000 303.000000
988000 327.000000
989000 300.000000
990000 318.000000
991000 317.000000
992000 311.000000
993000 325.000000
994000 324.000000
995000 318.000000
996000 323.000000
997000 316.000000
998000 319.000000
999000 323.000000
1000000 327.000000
