N Tempo_ms
1000 0.000000
2000 0.000000
3000 2.000000
4000 0.000000
5000 2.000000
6000 1.000000
7000 3.000000
8000 3.000000
9000 4.000000
10000 4.000000
11000 6.000000
12000 5.000000
13000 0.000000
14000 6.000000
15000 7.000000
16000 1.000000
17000 8.000000
18000 0.000000
19000 8.000000
20000 0.000000
21000 0.000000
22000 16.000000
23000 0.000000
24000 0.000000
25000 16.000000
26000 6.000000
27000 8.000000
28000 6.000000
29000 8.000000
30000 5.000000
31000 8.000000
32000 6.000000
33000 0.000000
34000 16.000000
35000 0.000000
36000 15.000000
37000 0.000000
38000 16.000000
39000 16.000000
40000 10.000000
41000 12.000000
42000 12.000000
43000 9.000000
44000 12.000000
45000 8.000000
46000 0.000000
47000 26.000000
48000 6.000000
49000 16.000000
50000 0.000000
51000 0.000000
52000 25.000000
53000 6.000000
54000 17.000000
55000 15.000000
56000 16.000000
57000 1.000000
58000 29.000000
59000 11.000000
60000 18.000000
61000 5.000000
62000 28.000000
63000 15.000000
64000 11.000000
65000 16.000000
66000 17.000000
67000 24.000000
68000 17.000000
69000 5.000000
70000 16.000000
71000 30.000000
72000 18.000000
73000 16.000000
74000 15.000000
75000 16.000000
76000 31.000000
77000 20.000000
78000 15.000000
79000 28.000000
80000 23.000000
81000 20.000000
82000 22.000000
83000 16.000000
84000 16.000000
85000 34.000000
86000 21.000000
87000 24.000000
88000 23.000000
89000 25.000000
90000 15.000000
91000 32.000000
92000 16.000000
93000 34.000000
94000 24.000000
95000 22.000000
96000 15.000000
97000 38.000000
98000 25.000000
99000 15.000000
100000 32.000000
101000 16.000000
102000 40.000000
103000 23.000000
104000 32.000000
105000 17.000000
106000 31.000000
107000 35.000000
108000 28.000000
109000 30.000000
110000 26.000000
111000 31.000000
112000 32.000000
113000 16.000000
114000 33.000000
115000 31.000000
116000 32.000000
117000 39.000000
118000 32.000000
119000 24.000000
120000 32.000000
121000 33.000000
122000 31.000000
123000 32.000000
124000 32.000000
125000 31.000000
126000 43.000000
127000 28.000000
128000 41.000000
129000 22.000000
130000 48.000000
131000 34.000000
132000 30.000000
133000 31.000000
134000 46.000000
135000 34.000000
136000 37.000000
137000 37.000000
138000 36.000000
139000 31.000000
140000 32.000000
141000 48.000000
142000 32.000000
143000 47.000000
144000 32.000000
145000 32.000000
146000 47.000000
147000 32.000000
148000 48.000000
149000 31.000000
150000 49.000000
151000 34.000000
152000 45.000000
153000 32.000000
154000 52.000000
155000 46.000000
156000 37.000000
157000 31.000000
158000 49.000000
159000 50.000000
160000 44.000000
161000 32.000000
162000 49.000000
163000 47.000000
164000 33.000000
165000 58.000000
166000 46.000000
167000 47.000000
168000 38.000000
169000 47.000000
170000 50.000000
171000 46.000000
172000 32.000000
173000 60.000000
174000 34.000000
175000 51.000000
176000 45.000000
177000 48.000000
178000 54.000000
179000 56.000000
180000 51.000000
181000 44.000000
182000 55.000000
183000 40.000000
184000 48.000000
185000 48.000000
186000 63.000000
187000 49.000000
188000 47.000000
189000 63.000000
190000 47.000000
191000 49.000000
192000 47.000000
193000 64.000000
194000 48.000000
195000 63.000000
196000 54.000000
197000 41.000000
198000 64.000000
199000 48.000000
200000 62.000000
201000 58.000000
202000 53.000000
203000 49.000000
204000 63.000000
205000 47.000000
206000 63.000000
207000 58.000000
208000 60.000000
209000 48.000000
210000 71.000000
211000 56.000000
212000 63.000000
213000 48.000000
214000 63.000000
215000 64.000000
216000 48.000000
217000 71.000000
218000 63.000000
219000 48.000000
220000 64.000000
221000 63.000000
222000 64.000000
223000 64.000000
224000 63.000000
225000 48.000000
226000 62.000000
227000 61.000000
228000 49.000000
229000 79.000000
230000 64.000000
231000 48.000000
232000 63.000000
233000 63.000000
234000 64.000000
235000 57.000000
236000 79.000000
237000 63.000000
238000 64.000000
239000 64.000000
240000 71.000000
241000 67.000000
242000 64.000000
243000 64.000000
244000 76.000000
245000 70.000000
246000 61.000000
247000 78.000000
248000 64.000000
249000 63.000000
250000 72.000000
251000 79.000000
252000 77.000000
253000 65.000000
254000 64.000000
255000 78.000000
256000 64.000000
257000 85.000000
258000 59.000000
259000 78.000000
260000 80.000000
261000 63.000000
262000 80.000000
263000 63.000000
264000 85.000000
265000 82.000000
266000 70.000000
267000 79.000000
268000 75.000000
269000 68.000000
270000 83.000000
271000 75.000000
272000 73.000000
273000 85.000000
274000 78.000000
275000 71.000000
276000 90.000000
277000 68.000000
278000 86.000000
279000 79.000000
280000 82.000000
281000 77.000000
282000 80.000000
283000 79.000000
284000 79.000000
285000 77.000000
286000 82.000000
287000 84.000000
288000 88.000000
289000 79.000000
290000 78.000000
291000 89.000000
292000 78.000000
293000 93.000000
294000 80.000000
295000 79.000000
296000 79.000000
297000 96.000000
298000 84.000000
299000 87.000000
300000 83.000000
301000 79.000000
302000 81.000000
303000 94.000000
304000 79.000000
305000 80.000000
306000 91.000000
307000 83.000000
308000 80.000000
309000 96.000000
310000 94.000000
311000 79.000000
312000 96.000000
313000 87.000000
314000 87.000000
315000 79.000000
316000 94.000000
317000 90.000000
318000 87.000000
319000 95.000000
320000 79.000000
321000 81.000000
322000 102.000000
323000 79.000000
324000 105.000000
325000 83.000000
326000 97.000000
327000 101.000000
328000 92.000000
329000 90.000000
330000 96.000000
331000 99.000000
332000 89.000000
333000 102.000000
334000 96.000000
335000 93.000000
336000 96.000000
337000 95.000000
338000 96.000000
339000 93.000000
340000 96.000000
341000 112.000000
342000 95.000000
343000 101.000000
344000 97.000000
345000 95.000000
346000 96.000000
347000 113.000000
348000 92.000000
349000 110.000000
350000 96.000000
351000 95.000000
352000 108.000000
353000 96.000000
354000 101.000000
355000 111.000000
356000 96.000000
357000 134.000000
358000 118.000000
359000 120.000000
360000 136.000000
361000 120.000000
362000 124.000000
363000 132.000000
364000 121.000000
365000 124.000000
366000 97.000000
367000 114.000000
368000 106.000000
369000 95.000000
370000 111.000000
371000 112.000000
372000 121.000000
373000 103.000000
374000 113.000000
375000 107.000000
376000 95.000000
377000 119.000000
378000 114.000000
379000 102.000000
380000 111.000000
381000 113.000000
382000 117.000000
383000 113.000000
384000 110.000000
385000 112.000000
386000 108.000000
387000 122.000000
388000 99.000000
389000 115.000000
390000 123.000000
391000 117.000000
392000 111.000000
393000 113.000000
394000 114.000000
395000 107.000000
396000 110.000000
397000 128.000000
398000 109.000000
399000 111.000000
400000 127.000000
401000 118.000000
402000 121.000000
403000 115.000000
404000 112.000000
405000 117.000000
406000 127.000000
407000 111.000000
408000 127.000000
409000 124.000000
410000 106.000000
411000 133.000000
412000 106.000000
413000 126.000000
414000 119.000000
415000 127.000000
416000 126.000000
417000 128.000000
418000 118.000000
419000 127.000000
420000 110.000000
421000 113.000000
422000 134.000000
423000 113.000000
424000 110.000000
425000 129.000000
426000 130.000000
427000 130.000000
428000 119.000000
429000 128.000000
430000 127.000000
431000 143.000000
432000 129.000000
433000 126.000000
434000 112.000000
435000 127.000000
436000 118.000000
437000 130.000000
438000 140.000000
439000 134.000000
440000 133.000000
441000 127.000000
442000 131.000000
443000 127.000000
444000 139.000000
445000 131.000000
446000 142.000000
447000 142.000000
448000 128.000000
449000 143.000000
450000 135.000000
451000 127.000000
452000 127.000000
453000 147.000000
454000 125.000000
455000 140.000000
456000 142.000000
457000 138.000000
458000 132.000000
459000 136.000000
460000 127.000000
461000 127.000000
462000 143.000000
463000 141.000000
464000 136.000000
465000 127.000000
466000 142.000000
467000 143.000000
468000 142.000000
469000 143.000000
470000 151.000000
471000 127.000000
472000 142.000000
473000 143.000000
474000 152.000000
475000 130.000000
476000 145.000000
477000 122.000000
478000 158.000000
479000 142.000000
480000 143.000000
481000 126.000000
482000 142.000000
483000 159.000000
484000 126.000000
485000 142.000000
486000 143.000000
487000 142.000000
488000 143.000000
489000 167.000000
490000 143.000000
491000 138.000000
492000 144.000000
493000 156.000000
494000 157.000000
495000 143.000000
496000 154.000000
497000 136.000000
498000 159.000000
499000 149.000000
500000 148.000000
501000 135.000000
502000 164.000000
503000 142.000000
504000 158.000000
505000 143.000000
506000 158.000000
507000 143.000000
508000 158.000000
509000 143.000000
510000 167.000000
511000 150.000000
512000 158.000000
513000 150.000000
514000 158.000000
515000 158.000000
516000 143.000000
517000 166.000000
518000 158.000000
519000 158.000000
520000 151.000000
521000 158.000000
522000 159.000000
523000 190.000000
524000 186.000000
525000 176.000000
526000 180.000000
527000 161.000000
528000 153.000000
529000 153.000000
530000 173.000000
531000 159.000000
532000 173.000000
533000 158.000000
534000 158.000000
535000 168.000000
536000 156.000000
537000 158.000000
538000 175.000000
539000 158.000000
540000 159.000000
541000 175.000000
542000 158.000000
543000 166.000000
544000 173.000000
545000 158.000000
546000 166.000000
547000 166.000000
548000 151.000000
549000 179.000000
550000 152.000000
551000 158.000000
552000 175.000000
553000 158.000000
554000 174.000000
555000 168.000000
556000 151.000000
557000 174.000000
558000 157.000000
559000 182.000000
560000 158.000000
561000 174.000000
562000 173.000000
563000 174.000000
564000 159.000000
565000 175.000000
566000 175.000000
567000 176.000000
568000 172.000000
569000 174.000000
570000 182.000000
571000 174.000000
572000 175.000000
573000 174.000000
574000 224.000000
575000 186.000000
576000 198.000000
577000 167.000000
578000 174.000000
579000 174.000000
580000 158.000000
581000 177.000000
582000 171.000000
583000 189.000000
584000 169.000000
585000 176.000000
586000 255.000000
587000 186.000000
588000 191.000000
589000 201.000000
590000 198.000000
591000 190.000000
592000 190.000000
593000 175.000000
594000 181.000000
595000 190.000000
596000 192.000000
597000 173.000000
598000 191.000000
599000 174.000000
600000 190.000000
601000 194.000000
602000 183.000000
603000 181.000000
604000 184.000000
605000 170.000000
606000 190.000000
607000 196.000000
608000 181.000000
609000 189.000000
610000 174.000000
611000 197.000000
612000 190.000000
613000 191.000000
614000 173.000000
615000 175.000000
616000 189.000000
617000 190.000000
618000 191.000000
619000 200.000000
620000 180.000000
621000 190.000000
622000 198.000000
623000 190.000000
624000 193.000000
625000 194.000000
626000 190.000000
627000 190.000000
628000 182.000000
629000 191.000000
630000 190.000000
631000 207.000000
632000 189.000000
633000 198.000000
634000 189.000000
635000 190.000000
636000 198.000000
637000 181.000000
638000 209.000000
639000 191.000000
640000 204.000000
641000 193.000000
642000 196.000000
643000 187.000000
644000 197.000000
645000 206.000000
646000 197.000000
647000 198.000000
648000 191.000000
649000 213.000000
650000 200.000000
651000 189.000000
652000 198.000000
653000 207.000000
654000 209.000000
655000 193.000000
656000 205.000000
657000 198.000000
658000 206.000000
659000 204.000000
660000 220.000000
661000 231.000000
662000 214.000000
663000 190.000000
664000 210.000000
665000 209.000000
666000 273.000000
667000 242.000000
668000 206.000000
669000 214.000000
670000 205.000000
671000 222.000000
672000 205.000000
673000 207.000000
674000 206.000000
675000 206.000000
676000 230.000000
677000 205.000000
678000 190.000000
679000 213.000000
680000 215.000000
681000 212.000000
682000 206.000000
683000 205.000000
684000 213.000000
685000 217.000000
686000 208.000000
687000 206.000000
688000 221.000000
689000 261.000000
690000 238.000000
691000 207.000000
692000 221.000000
693000 206.000000
694000 221.000000
695000 213.000000
696000 216.000000
697000 216.000000
698000 203.000000
699000 223.000000
700000 221.000000
701000 225.000000
702000 201.000000
703000 221.000000
704000 228.000000
705000 205.000000
706000 223.000000
707000 221.000000
708000 226.000000
709000 200.000000
710000 205.000000
711000 231.000000
712000 219.000000
713000 222.000000
714000 197.000000
715000 230.000000
716000 222.000000
717000 220.000000
718000 219.000000
719000 214.000000
720000 253.000000
721000 268.000000
722000 260.000000
723000 277.000000
724000 277.000000
725000 301.000000
726000 282.000000
727000 266.000000
728000 226.000000
729000 232.000000
730000 229.000000
731000 223.000000
732000 235.000000
733000 214.000000
734000 238.000000
735000 227.000000
736000 207.000000
737000 206.000000
738000 221.000000
739000 235.000000
740000 232.000000
741000 241.000000
742000 229.000000
743000 222.000000
744000 238.000000
745000 231.000000
746000 222.000000
747000 237.000000
748000 222.000000
749000 239.000000
750000 239.000000
751000 232.000000
752000 231.000000
753000 218.000000
754000 249.000000
755000 234.000000
756000 238.000000
757000 246.000000
758000 249.000000
759000 226.000000
760000 238.000000
761000 237.000000
762000 231.000000
763000 244.000000
764000 226.000000
765000 292.000000
766000 234.000000
767000 238.000000
768000 239.000000
769000 227.000000
770000 237.000000
771000 230.000000
772000 253.000000
773000 238.000000
774000 237.000000
775000 255.000000
776000 227.000000
777000 237.000000
778000 238.000000
779000 238.000000
780000 254.000000
781000 253.000000
782000 246.000000
783000 238.000000
784000 238.000000
785000 237.000000
786000 237.000000
787000 238.000000
788000 253.000000
789000 238.000000
790000 253.000000
791000 237.000000
792000 240.000000
793000 245.000000
794000 252.000000
795000 239.000000
796000 253.000000
797000 254.000000
798000 253.000000
799000 246.000000
800000 252.000000
801000 253.000000
802000 239.000000
803000 262.000000
804000 255.000000
805000 256.000000
806000 244.000000
807000 253.000000
808000 262.000000
809000 284.000000
810000 349.000000
811000 305.000000
812000 258.000000
813000 262.000000
814000 253.000000
815000 283.000000
816000 256.000000
817000 286.000000
818000 350.000000
819000 279.000000
820000 265.000000
821000 270.000000
822000 255.000000
823000 257.000000
824000 254.000000
825000 255.000000
826000 252.000000
827000 270.000000
828000 270.000000
829000 270.000000
830000 267.000000
831000 254.000000
832000 270.000000
833000 253.000000
834000 291.000000
835000 268.000000
836000 259.000000
837000 325.000000
838000 339.000000
839000 278.000000
840000 272.000000
841000 266.000000
842000 268.000000
843000 256.000000
844000 272.000000
845000 253.000000
846000 270.000000
847000 270.000000
848000 261.000000
849000 282.000000
850000 265.000000
851000 273.000000
852000 272.000000
853000 273.000000
854000 280.000000
855000 268.000000
856000 270.000000
857000 305.000000
858000 269.000000
859000 266.000000
860000 279.000000
861000 272.000000
862000 270.000000
863000 271.000000
864000 276.000000
865000 269.000000
866000 267.000000
867000 269.000000
868000 283.000000
869000 264.000000
870000 279.000000
871000 269.000000
872000 286.000000
873000 285.000000
874000 275.000000
875000 277.000000
876000 280.000000
877000 273.000000
878000 271.000000
879000 302.000000
880000 270.000000
881000 357.000000
882000 385.000000
883000 318.000000
884000 270.000000
885000 294.000000
886000 280.000000
887000 279.000000
888000 284.000000
889000 271.000000
890000 285.000000
891000 285.000000
892000 290.000000
893000 297.000000
894000 285.000000
895000 290.000000
896000 275.000000
897000 285.000000
898000 292.000000
899000 286.000000
900000 288.000000
901000 296.000000
902000 277.000000
903000 286.000000
904000 287.000000
905000 285.000000
906000 297.000000
907000 286.000000
908000 279.000000
909000 294.000000
910000 291.000000
911000 278.000000
912000 321.000000
913000 293.000000
914000 292.000000
915000 288.000000
916000 284.000000
917000 302.000000
918000 282.000000
919000 285.000000
920000 285.000000
921000 279.000000
922000 302.000000
923000 300.000000
924000 291.000000
925000 301.000000
926000 297.000000
927000 298.000000
928000 305.000000
929000 293.000000
930000 294.000000
931000 291.000000
932000 286.000000
933000 293.000000
934000 294.000000
935000 300.000000
936000 298.000000
937000 289.000000
938000 298.000000
939000 286.000000
940000 319.000000
941000 299.000000
942000 297.000000
943000 297.000000
944000 369.000000
945000 361.000000
946000 332.000000
947000 309.000000
948000 311.000000
949000 312.000000
950000 298.000000
951000 303.000000
952000 311.000000
953000 305.000000
954000 304.000000
955000 298.000000
956000 302.000000
957000 308.000000
958000 301.000000
959000 303.000000
960000 315.000000
961000 302.000000
962000 313.000000
963000 302.000000
964000 302.000000
965000 302.000000
966000 310.000000
967000 300.000000
968000 301.000000
969000 319.000000
970000 317.000000
971000 293.000000
972000 306.000000
973000 316.000000
974000 312.000000
975000 316.000000
976000 311.000000
977000 331.000000
978000 307.000000
979000 302.000000
980000 317.000000
981000 316.000000
982000 317.000000
983000 325.000000
984000 320.000000
985000 305.000000
986000 316.000000
987000 316.000000
988000 324.000000
989000 308.000000
990000 318.000000
991000 320.000000
992000 327.000000
993000 315.000000
994000 324.000000
995000 317.000000
996000 316.000000
997000 316.000000
998000 326.000000
999000 328.000000
1000000 312.000000
