N Tempo_ms
1000 0.000000
2000 0.000000
3000 0.000000
4000 0.000000
5000 0.000000
6000 0.000000
7000 14.000000
8000 0.000000
9000 0.000000
10000 2.000000
11000 3.000000
12000 0.000000
13000 2.000000
14000 0.000000
15000 2.000000
16000 0.000000
17000 2.000000
18000 0.000000
19000 2.000000
20000 2.000000
21000 0.000000
22000 4.000000
23000 0.000000
24000 0.000000
25000 4.000000
26000 6.000000
27000 0.000000
28000 0.000000
29000 5.000000
30000 3.000000
31000 2.000000
32000 4.000000
33000 2.000000
34000 6.000000
35000 1.000000
36000 0.000000
37000 8.000000
38000 0.000000
39000 0.000000
40000 8.000000
41000 0.000000
42000 0.000000
43000 8.000000
44000 0.000000
45000 0.000000
46000 9.000000
47000 0.000000
48000 0.000000
49000 8.000000
50000 0.000000
51000 8.000000
52000 2.000000
53000 4.000000
54000 2.000000
55000 0.000000
56000 0.000000
57000 0.000000
58000 15.000000
59000 0.000000
60000 0.000000
61000 0.000000
62000 16.000000
63000 0.000000
64000 0.000000
65000 0.000000
66000 17.000000
67000 4.000000
68000 5.000000
69000 4.000000
70000 4.000000
71000 6.000000
72000 4.000000
73000 6.000000
74000 4.000000
75000 5.000000
76000 5.000000
77000 4.000000
78000 5.000000
79000 4.000000
80000 4.000000
81000 6.000000
82000 4.000000
83000 2.000000
84000 0.000000
85000 16.000000
86000 0.000000
87000 0.000000
88000 16.000000
89000 0.000000
90000 0.000000
91000 16.000000
92000 12.000000
93000 9.000000
94000 5.000000
95000 6.000000
96000 6.000000
97000 6.000000
98000 2.000000
99000 0.000000
100000 16.000000
101000 0.000000
102000 0.000000
103000 17.000000
104000 0.000000
105000 15.000000
106000 0.000000
107000 16.000000
108000 0.000000
109000 0.000000
110000 20.000000
111000 8.000000
112000 3.000000
113000 0.000000
114000 16.000000
115000 0.000000
116000 19.000000
117000 8.000000
118000 7.000000
119000 9.000000
120000 7.000000
121000 11.000000
122000 4.000000
123000 0.000000
124000 16.000000
125000 0.000000
126000 16.000000
127000 0.000000
128000 15.000000
129000 0.000000
130000 16.000000
131000 0.000000
132000 0.000000
133000 17.000000
134000 0.000000
135000 16.000000
136000 0.000000
137000 22.000000
138000 0.000000
139000 16.000000
140000 0.000000
141000 16.000000
142000 0.000000
143000 16.000000
144000 16.000000
145000 10.000000
146000 6.000000
147000 0.000000
148000 16.000000
149000 16.000000
150000 10.000000
151000 12.000000
152000 9.000000
153000 10.000000
154000 13.000000
155000 10.000000
156000 15.000000
157000 0.000000
158000 16.000000
159000 16.000000
160000 16.000000
161000 0.000000
162000 16.000000
163000 15.000000
164000 0.000000
165000 19.000000
166000 13.000000
167000 16.000000
168000 0.000000
169000 16.000000
170000 16.000000
171000 0.000000
172000 27.000000
173000 11.000000
174000 10.000000
175000 16.000000
176000 0.000000
177000 16.000000
178000 16.000000
179000 16.000000
180000 0.000000
181000 16.000000
182000 16.000000
183000 16.000000
184000 1.000000
185000 23.000000
186000 12.000000
187000 11.000000
188000 12.000000
189000 18.000000
190000 13.000000
191000 12.000000
192000 12.000000
193000 12.000000
194000 2.000000
195000 15.000000
196000 16.000000
197000 17.000000
198000 0.000000
199000 1.000000
200000 15.000000
201000 16.000000
202000 16.000000
203000 16.000000
204000 0.000000
205000 0.000000
206000 16.000000
207000 16.000000
208000 23.000000
209000 15.000000
210000 10.000000
211000 16.000000
212000 15.000000
213000 16.000000
214000 16.000000
215000 14.000000
216000 15.000000
217000 17.000000
218000 0.000000
219000 28.000000
220000 4.000000
221000 16.000000
222000 18.000000
223000 22.000000
224000 9.000000
225000 23.000000
226000 17.000000
227000 6.000000
228000 26.000000
229000 6.000000
230000 16.000000
231000 19.000000
232000 12.000000
233000 16.000000
234000 16.000000
235000 16.000000
236000 16.000000
237000 17.000000
238000 15.000000
239000 16.000000
240000 19.000000
241000 13.000000
242000 16.000000
243000 16.000000
244000 16.000000
245000 16.000000
246000 16.000000
247000 17.000000
248000 15.000000
249000 13.000000
250000 16.000000
251000 16.000000
252000 24.000000
253000 18.000000
254000 20.000000
255000 9.000000
256000 16.000000
257000 16.000000
258000 16.000000
259000 32.000000
260000 15.000000
261000 19.000000
262000 21.000000
263000 17.000000
264000 18.000000
265000 4.000000
266000 32.000000
267000 16.000000
268000 17.000000
269000 15.000000
270000 16.000000
271000 16.000000
272000 16.000000
273000 16.000000
274000 27.000000
275000 21.000000
276000 15.000000
277000 15.000000
278000 32.000000
279000 16.000000
280000 16.000000
281000 16.000000
282000 37.000000
283000 18.000000
284000 24.000000
285000 9.000000
286000 31.000000
287000 19.000000
288000 12.000000
289000 16.000000
290000 33.000000
291000 15.000000
292000 16.000000
293000 32.000000
294000 21.000000
295000 10.000000
296000 32.000000
297000 15.000000
298000 17.000000
299000 32.000000
300000 23.000000
301000 8.000000
302000 32.000000
303000 16.000000
304000 15.000000
305000 32.000000
306000 17.000000
307000 31.000000
308000 20.000000
309000 9.000000
310000 32.000000
311000 19.000000
312000 29.000000
313000 17.000000
314000 15.000000
315000 35.000000
316000 13.000000
317000 35.000000
318000 12.000000
319000 32.000000
320000 16.000000
321000 30.000000
322000 16.000000
323000 15.000000
324000 32.000000
325000 16.000000
326000 33.000000
327000 15.000000
328000 38.000000
329000 9.000000
330000 40.000000
331000 29.000000
332000 18.000000
333000 19.000000
334000 29.000000
335000 16.000000
336000 32.000000
337000 16.000000
338000 32.000000
339000 16.000000
340000 33.000000
341000 27.000000
342000 20.000000
343000 18.000000
344000 30.000000
345000 32.000000
346000 16.000000
347000 31.000000
348000 18.000000
349000 30.000000
350000 16.000000
351000 41.000000
352000 26.000000
353000 27.000000
354000 24.000000
355000 17.000000
356000 31.000000
357000 31.000000
358000 16.000000
359000 33.000000
360000 15.000000
361000 32.000000
362000 33.000000
363000 14.000000
364000 32.000000
365000 32.000000
366000 15.000000
367000 40.000000
368000 29.000000
369000 12.000000
370000 33.000000
371000 37.000000
372000 15.000000
373000 32.000000
374000 34.000000
375000 21.000000
376000 35.000000
377000 21.000000
378000 31.000000
379000 18.000000
380000 30.000000
381000 32.000000
382000 16.000000
383000 32.000000
384000 32.000000
385000 31.000000
386000 32.000000
387000 16.000000
388000 39.000000
389000 24.000000
390000 37.000000
391000 30.000000
392000 28.000000
393000 32.000000
394000 27.000000
395000 18.000000
396000 32.000000
397000 32.000000
398000 16.000000
399000 16.000000
400000 32.000000
401000 31.000000
402000 32.000000
403000 32.000000
404000 32.000000
405000 16.000000
406000 32.000000
407000 31.000000
408000 34.000000
409000 39.000000
410000 30.000000
411000 29.000000
412000 33.000000
413000 31.000000
414000 32.000000
415000 30.000000
416000 32.000000
417000 35.000000
418000 29.000000
419000 31.000000
420000 32.000000
421000 32.000000
422000 32.000000
423000 32.000000
424000 16.000000
425000 47.000000
426000 31.000000
427000 32.000000
428000 32.000000
429000 31.000000
430000 17.000000
431000 32.000000
432000 31.000000
433000 31.000000
434000 32.000000
435000 31.000000
436000 32.000000
437000 32.000000
438000 32.000000
439000 38.000000
440000 25.000000
441000 41.000000
442000 33.000000
443000 18.000000
444000 54.000000
445000 33.000000
446000 23.000000
447000 32.000000
448000 32.000000
449000 50.000000
450000 28.000000
451000 32.000000
452000 33.000000
453000 41.000000
454000 35.000000
455000 34.000000
456000 31.000000
457000 32.000000
458000 34.000000
459000 21.000000
460000 32.000000
461000 48.000000
462000 32.000000
463000 32.000000
464000 32.000000
465000 31.000000
466000 34.000000
467000 30.000000
468000 32.000000
469000 31.000000
470000 51.000000
471000 34.000000
472000 37.000000
473000 33.000000
474000 31.000000
475000 32.000000
476000 50.000000
477000 30.000000
478000 43.000000
479000 36.000000
480000 31.000000
481000 40.000000
482000 40.000000
483000 32.000000
484000 32.000000
485000 53.000000
486000 40.000000
487000 41.000000
488000 31.000000
489000 33.000000
490000 47.000000
491000 32.000000
492000 48.000000
493000 34.000000
494000 30.000000
495000 47.000000
496000 32.000000
497000 48.000000
498000 32.000000
499000 45.000000
500000 38.000000
501000 31.000000
502000 46.000000
503000 33.000000
504000 32.000000
505000 47.000000
506000 32.000000
507000 49.000000
508000 30.000000
509000 48.000000
510000 38.000000
511000 40.000000
512000 32.000000
513000 47.000000
514000 39.000000
515000 32.000000
516000 48.000000
517000 42.000000
518000 36.000000
519000 32.000000
520000 48.000000
521000 47.000000
522000 32.000000
523000 48.000000
524000 32.000000
525000 47.000000
526000 48.000000
527000 40.000000
528000 51.000000
529000 56.000000
530000 39.000000
531000 42.000000
532000 47.000000
533000 42.000000
534000 37.000000
535000 63.000000
536000 47.000000
537000 61.000000
538000 42.000000
539000 48.000000
540000 33.000000
541000 46.000000
542000 32.000000
543000 58.000000
544000 38.000000
545000 47.000000
546000 32.000000
547000 56.000000
548000 46.000000
549000 41.000000
550000 46.000000
551000 45.000000
552000 34.000000
553000 49.000000
554000 45.000000
555000 32.000000
556000 49.000000
557000 49.000000
558000 45.000000
559000 33.000000
560000 48.000000
561000 49.000000
562000 44.000000
563000 32.000000
564000 52.000000
565000 44.000000
566000 48.000000
567000 44.000000
568000 33.000000
569000 47.000000
570000 48.000000
571000 48.000000
572000 47.000000
573000 49.000000
574000 51.000000
575000 31.000000
576000 52.000000
577000 72.000000
578000 50.000000
579000 57.000000
580000 42.000000
581000 49.000000
582000 50.000000
583000 50.000000
584000 52.000000
585000 47.000000
586000 50.000000
587000 68.000000
588000 58.000000
589000 60.000000
590000 45.000000
591000 45.000000
592000 32.000000
593000 47.000000
594000 60.000000
595000 57.000000
596000 60.000000
597000 55.000000
598000 49.000000
599000 50.000000
600000 50.000000
601000 49.000000
602000 50.000000
603000 50.000000
604000 52.000000
605000 52.000000
606000 52.000000
607000 69.000000
608000 63.000000
609000 62.000000
610000 49.000000
611000 47.000000
612000 47.000000
613000 47.000000
614000 48.000000
615000 47.000000
616000 60.000000
617000 69.000000
618000 67.000000
619000 57.000000
620000 61.000000
621000 66.000000
622000 73.000000
623000 62.000000
624000 68.000000
625000 56.000000
626000 48.000000
627000 62.000000
628000 47.000000
629000 48.000000
630000 47.000000
631000 55.000000
632000 39.000000
633000 64.000000
634000 47.000000
635000 48.000000
636000 47.000000
637000 47.000000
638000 63.000000
639000 77.000000
640000 63.000000
641000 62.000000
642000 64.000000
643000 65.000000
644000 61.000000
645000 61.000000
646000 63.000000
647000 63.000000
648000 76.000000
649000 66.000000
650000 63.000000
651000 64.000000
652000 66.000000
653000 59.000000
654000 71.000000
655000 64.000000
656000 66.000000
657000 63.000000
658000 70.000000
659000 71.000000
660000 70.000000
661000 62.000000
662000 73.000000
663000 68.000000
664000 66.000000
665000 67.000000
666000 70.000000
667000 63.000000
668000 67.000000
669000 66.000000
670000 67.000000
671000 67.000000
672000 66.000000
673000 51.000000
674000 64.000000
675000 72.000000
676000 74.000000
677000 64.000000
678000 77.000000
679000 62.000000
680000 66.000000
681000 67.000000
682000 72.000000
683000 69.000000
684000 67.000000
685000 66.000000
686000 70.000000
687000 67.000000
688000 74.000000
689000 70.000000
690000 58.000000
691000 48.000000
692000 64.000000
693000 47.000000
694000 63.000000
695000 47.000000
696000 48.000000
697000 63.000000
698000 77.000000
699000 74.000000
700000 70.000000
701000 64.000000
702000 47.000000
703000 63.000000
704000 48.000000
705000 71.000000
706000 63.000000
707000 67.000000
708000 77.000000
709000 78.000000
710000 77.000000
711000 62.000000
712000 77.000000
713000 83.000000
714000 77.000000
715000 72.000000
716000 89.000000
717000 82.000000
718000 78.000000
719000 79.000000
720000 67.000000
721000 64.000000
722000 91.000000
723000 82.000000
724000 84.000000
725000 71.000000
726000 76.000000
727000 93.000000
728000 96.000000
729000 92.000000
730000 76.000000
731000 74.000000
732000 65.000000
733000 66.000000
734000 47.000000
735000 64.000000
736000 63.000000
737000 79.000000
738000 89.000000
739000 83.000000
740000 75.000000
741000 82.000000
742000 64.000000
743000 60.000000
744000 56.000000
745000 63.000000
746000 79.000000
747000 79.000000
748000 103.000000
749000 88.000000
750000 74.000000
751000 60.000000
752000 82.000000
753000 91.000000
754000 78.000000
755000 90.000000
756000 79.000000
757000 88.000000
758000 75.000000
759000 65.000000
760000 63.000000
761000 64.000000
762000 65.000000
763000 77.000000
764000 86.000000
765000 81.000000
766000 63.000000
767000 68.000000
768000 59.000000
769000 79.000000
770000 91.000000
771000 75.000000
772000 67.000000
773000 75.000000
774000 123.000000
775000 93.000000
776000 64.000000
777000 76.000000
778000 68.000000
779000 84.000000
780000 69.000000
781000 65.000000
782000 61.000000
783000 65.000000
784000 78.000000
785000 82.000000
786000 67.000000
787000 63.000000
788000 99.000000
789000 94.000000
790000 85.000000
791000 91.000000
792000 77.000000
793000 82.000000
794000 96.000000
795000 79.000000
796000 70.000000
797000 91.000000
798000 100.000000
799000 84.000000
800000 67.000000
801000 77.000000
802000 79.000000
803000 77.000000
804000 151.000000
805000 96.000000
806000 61.000000
807000 80.000000
808000 76.000000
809000 78.000000
810000 91.000000
811000 94.000000
812000 89.000000
813000 83.000000
814000 85.000000
815000 72.000000
816000 87.000000
817000 55.000000
818000 64.000000
819000 74.000000
820000 62.000000
821000 71.000000
822000 75.000000
823000 74.000000
824000 62.000000
825000 68.000000
826000 76.000000
827000 69.000000
828000 75.000000
829000 74.000000
830000 70.000000
831000 79.000000
832000 74.000000
833000 75.000000
834000 65.000000
835000 75.000000
836000 64.000000
837000 71.000000
838000 64.000000
839000 73.000000
840000 66.000000
841000 75.000000
842000 74.000000
843000 74.000000
844000 84.000000
845000 83.000000
846000 67.000000
847000 66.000000
848000 79.000000
849000 75.000000
850000 72.000000
851000 74.000000
852000 78.000000
853000 72.000000
854000 72.000000
855000 71.000000
856000 72.000000
857000 70.000000
858000 75.000000
859000 69.000000
860000 71.000000
861000 68.000000
862000 72.000000
863000 74.000000
864000 67.000000
865000 80.000000
866000 76.000000
867000 82.000000
868000 78.000000
869000 87.000000
870000 84.000000
871000 85.000000
872000 80.000000
873000 82.000000
874000 80.000000
875000 63.000000
876000 65.000000
877000 68.000000
878000 61.000000
879000 67.000000
880000 62.000000
881000 63.000000
882000 55.000000
883000 80.000000
884000 65.000000
885000 70.000000
886000 60.000000
887000 75.000000
888000 67.000000
889000 78.000000
890000 84.000000
891000 84.000000
892000 75.000000
893000 65.000000
894000 76.000000
895000 75.000000
896000 85.000000
897000 65.000000
898000 63.000000
899000 70.000000
900000 74.000000
901000 76.000000
902000 63.000000
903000 86.000000
904000 82.000000
905000 68.000000
906000 65.000000
907000 79.000000
908000 63.000000
909000 94.000000
910000 91.000000
911000 72.000000
912000 69.000000
913000 73.000000
914000 77.000000
915000 83.000000
916000 82.000000
917000 80.000000
918000 83.000000
919000 94.000000
920000 91.000000
921000 82.000000
922000 88.000000
923000 78.000000
924000 79.000000
925000 71.000000
926000 65.000000
927000 80.000000
928000 65.000000
929000 60.000000
930000 79.000000
931000 78.000000
932000 68.000000
933000 69.000000
934000 70.000000
935000 72.000000
936000 69.000000
937000 67.000000
938000 68.000000
939000 65.000000
940000 85.000000
941000 74.000000
942000 71.000000
943000 70.000000
944000 70.000000
945000 68.000000
946000 67.000000
947000 70.000000
948000 71.000000
949000 71.000000
950000 76.000000
951000 67.000000
952000 79.000000
953000 79.000000
954000 70.000000
955000 77.000000
956000 57.000000
957000 89.000000
958000 71.000000
959000 71.000000
960000 74.000000
961000 70.000000
962000 67.000000
963000 84.000000
964000 71.000000
965000 70.000000
966000 74.000000
967000 58.000000
968000 90.000000
969000 72.000000
970000 77.000000
971000 58.000000
972000 95.000000
973000 77.000000
974000 77.000000
975000 71.000000
976000 70.000000
977000 75.000000
978000 74.000000
979000 80.000000
980000 99.000000
981000 88.000000
982000 88.000000
983000 65.000000
984000 79.000000
985000 87.000000
986000 69.000000
987000 80.000000
988000 79.000000
989000 63.000000
990000 86.000000
991000 79.000000
992000 79.000000
993000 82.000000
994000 77.000000
995000 102.000000
996000 82.000000
997000 64.000000
998000 81.000000
999000 76.000000
1000000 66.000000
