N Tempo_ms
1000 0.000000
2000 0.000000
3000 0.000000
4000 0.000000
5000 0.000000
6000 0.000000
7000 0.000000
8000 0.000000
9000 15.000000
10000 0.000000
11000 10.000000
12000 7.000000
13000 8.000000
14000 0.000000
15000 17.000000
16000 0.000000
17000 15.000000
18000 16.000000
19000 10.000000
20000 0.000000
21000 14.000000
22000 0.000000
23000 20.000000
24000 3.000000
25000 0.000000
26000 1.000000
27000 9.000000
28000 9.000000
29000 9.000000
30000 10.000000
31000 4.000000
32000 16.000000
33000 0.000000
34000 16.000000
35000 18.000000
36000 12.000000
37000 10.000000
38000 9.000000
39000 16.000000
40000 0.000000
41000 1.000000
42000 24.000000
43000 7.000000
44000 16.000000
45000 16.000000
46000 16.000000
47000 7.000000
48000 35.000000
49000 12.000000
50000 16.000000
51000 32.000000
52000 17.000000
53000 28.000000
54000 57.000000
55000 67.000000
56000 68.000000
57000 33.000000
58000 47.000000
59000 43.000000
60000 58.000000
61000 33.000000
62000 41.000000
63000 41.000000
64000 67.000000
65000 65.000000
66000 25.000000
67000 25.000000
68000 24.000000
69000 34.000000
70000 51.000000
71000 32.000000
72000 32.000000
73000 33.000000
74000 24.000000
75000 16.000000
76000 17.000000
77000 40.000000
78000 33.000000
79000 32.000000
80000 31.000000
81000 32.000000
82000 32.000000
83000 16.000000
84000 25.000000
85000 32.000000
86000 48.000000
87000 33.000000
88000 32.000000
89000 49.000000
90000 24.000000
91000 48.000000
92000 41.000000
93000 32.000000
94000 32.000000
95000 24.000000
96000 28.000000
97000 30.000000
98000 30.000000
99000 35.000000
100000 18.000000
101000 31.000000
102000 40.000000
103000 32.000000
104000 33.000000
105000 31.000000
106000 43.000000
107000 40.000000
108000 47.000000
109000 33.000000
110000 32.000000
111000 57.000000
112000 48.000000
113000 48.000000
114000 48.000000
115000 49.000000
116000 49.000000
117000 48.000000
118000 40.000000
119000 41.000000
120000 42.000000
121000 63.000000
122000 50.000000
123000 64.000000
124000 44.000000
125000 47.000000
126000 43.000000
127000 52.000000
128000 33.000000
129000 38.000000
130000 45.000000
131000 40.000000
132000 38.000000
133000 40.000000
134000 40.000000
135000 32.000000
136000 50.000000
137000 28.000000
138000 47.000000
139000 64.000000
140000 58.000000
141000 49.000000
142000 49.000000
143000 55.000000
144000 61.000000
145000 57.000000
146000 63.000000
147000 50.000000
148000 46.000000
149000 47.000000
150000 46.000000
151000 39.000000
152000 47.000000
153000 54.000000
154000 48.000000
155000 57.000000
156000 64.000000
157000 56.000000
158000 66.000000
159000 64.000000
160000 49.000000
161000 64.000000
162000 64.000000
163000 64.000000
164000 62.000000
165000 64.000000
166000 65.000000
167000 88.000000
168000 73.000000
169000 69.000000
170000 59.000000
171000 73.000000
172000 56.000000
173000 57.000000
174000 81.000000
175000 57.000000
176000 82.000000
177000 73.000000
178000 57.000000
179000 64.000000
180000 72.000000
181000 81.000000
182000 65.000000
183000 72.000000
184000 81.000000
185000 56.000000
186000 64.000000
187000 88.000000
188000 81.000000
189000 72.000000
190000 73.000000
191000 65.000000
192000 73.000000
193000 80.000000
194000 81.000000
195000 65.000000
196000 81.000000
197000 65.000000
198000 64.000000
199000 71.000000
200000 89.000000
201000 72.000000
202000 57.000000
203000 78.000000
204000 88.000000
205000 81.000000
206000 80.000000
207000 88.000000
208000 73.000000
209000 89.000000
210000 80.000000
211000 96.000000
212000 88.000000
213000 89.000000
214000 97.000000
215000 89.000000
216000 79.000000
217000 89.000000
218000 97.000000
219000 91.000000
220000 95.000000
221000 104.000000
222000 97.000000
223000 89.000000
224000 81.000000
225000 105.000000
226000 112.000000
227000 96.000000
228000 89.000000
229000 82.000000
230000 91.000000
231000 97.000000
232000 97.000000
233000 88.000000
234000 95.000000
235000 97.000000
236000 88.000000
237000 80.000000
238000 89.000000
239000 105.000000
240000 98.000000
241000 107.000000
242000 95.000000
243000 88.000000
244000 97.000000
245000 89.000000
246000 96.000000
247000 87.000000
248000 104.000000
249000 104.000000
250000 98.000000
251000 96.000000
252000 93.000000
253000 112.000000
254000 105.000000
255000 105.000000
256000 96.000000
257000 106.000000
258000 88.000000
259000 98.000000
260000 96.000000
261000 105.000000
262000 105.000000
263000 116.000000
264000 89.000000
265000 97.000000
266000 88.000000
267000 106.000000
268000 97.000000
269000 95.000000
270000 104.000000
271000 90.000000
272000 83.000000
273000 93.000000
274000 117.000000
275000 106.000000
276000 113.000000
277000 104.000000
278000 105.000000
279000 128.000000
280000 105.000000
281000 112.000000
282000 98.000000
283000 129.000000
284000 113.000000
285000 104.000000
286000 106.000000
287000 106.000000
288000 113.000000
289000 112.000000
290000 97.000000
291000 121.000000
292000 101.000000
293000 121.000000
294000 111.000000
295000 105.000000
296000 113.000000
297000 113.000000
298000 107.000000
299000 136.000000
300000 103.000000
301000 113.000000
302000 106.000000
303000 120.000000
304000 129.000000
305000 111.000000
306000 118.000000
307000 139.000000
308000 128.000000
309000 113.000000
310000 122.000000
311000 120.000000
312000 113.000000
313000 121.000000
314000 129.000000
315000 128.000000
316000 121.000000
317000 106.000000
318000 92.000000
319000 89.000000
320000 107.000000
321000 96.000000
322000 94.000000
323000 95.000000
324000 106.000000
325000 99.000000
326000 95.000000
327000 129.000000
328000 121.000000
329000 113.000000
330000 121.000000
331000 130.000000
332000 121.000000
333000 129.000000
334000 120.000000
335000 122.000000
336000 129.000000
337000 120.000000
338000 145.000000
339000 140.000000
340000 123.000000
341000 128.000000
342000 139.000000
343000 143.000000
344000 145.000000
345000 155.000000
346000 144.000000
347000 147.000000
348000 146.000000
349000 145.000000
350000 130.000000
351000 137.000000
352000 140.000000
353000 130.000000
354000 144.000000
355000 137.000000
356000 128.000000
357000 154.000000
358000 129.000000
359000 145.000000
360000 128.000000
361000 148.000000
362000 146.000000
363000 145.000000
364000 139.000000
365000 128.000000
366000 154.000000
367000 136.000000
368000 155.000000
369000 145.000000
370000 170.000000
371000 155.000000
372000 125.000000
373000 136.000000
374000 137.000000
375000 144.000000
376000 153.000000
377000 154.000000
378000 177.000000
379000 156.000000
380000 152.000000
381000 139.000000
382000 170.000000
383000 152.000000
384000 146.000000
385000 169.000000
386000 155.000000
387000 162.000000
388000 154.000000
389000 150.000000
390000 153.000000
391000 144.000000
392000 171.000000
393000 153.000000
394000 144.000000
395000 154.000000
396000 146.000000
397000 176.000000
398000 147.000000
399000 140.000000
400000 152.000000
401000 169.000000
402000 145.000000
403000 153.000000
404000 160.000000
405000 156.000000
406000 153.000000
407000 161.000000
408000 155.000000
409000 145.000000
410000 169.000000
411000 187.000000
412000 178.000000
413000 185.000000
414000 170.000000
415000 186.000000
416000 138.000000
417000 122.000000
418000 130.000000
419000 149.000000
420000 160.000000
421000 164.000000
422000 126.000000
423000 127.000000
424000 127.000000
425000 126.000000
426000 128.000000
427000 124.000000
428000 142.000000
429000 129.000000
430000 127.000000
431000 140.000000
432000 121.000000
433000 185.000000
434000 177.000000
435000 153.000000
436000 162.000000
437000 192.000000
438000 186.000000
439000 175.000000
440000 169.000000
441000 178.000000
442000 143.000000
443000 135.000000
444000 155.000000
445000 176.000000
446000 169.000000
447000 172.000000
448000 143.000000
449000 186.000000
450000 170.000000
451000 178.000000
452000 188.000000
453000 144.000000
454000 150.000000
455000 184.000000
456000 169.000000
457000 192.000000
458000 170.000000
459000 187.000000
460000 184.000000
461000 187.000000
462000 176.000000
463000 185.000000
464000 178.000000
465000 201.000000
466000 201.000000
467000 202.000000
468000 209.000000
469000 201.000000
470000 195.000000
471000 185.000000
472000 181.000000
473000 176.000000
474000 179.000000
475000 198.000000
476000 176.000000
477000 201.000000
478000 178.000000
479000 173.000000
480000 148.000000
481000 161.000000
482000 201.000000
483000 194.000000
484000 210.000000
485000 209.000000
486000 203.000000
487000 185.000000
488000 188.000000
489000 185.000000
490000 185.000000
491000 202.000000
492000 233.000000
493000 219.000000
494000 225.000000
495000 187.000000
496000 208.000000
497000 186.000000
498000 193.000000
499000 201.000000
500000 202.000000
501000 186.000000
502000 186.000000
503000 185.000000
504000 211.000000
505000 162.000000
506000 160.000000
507000 165.000000
508000 249.000000
509000 218.000000
510000 217.000000
511000 209.000000
512000 218.000000
513000 201.000000
514000 220.000000
515000 200.000000
516000 216.000000
517000 203.000000
518000 200.000000
519000 196.000000
520000 208.000000
521000 218.000000
522000 186.000000
523000 202.000000
524000 217.000000
525000 203.000000
526000 234.000000
527000 206.000000
528000 217.000000
529000 232.000000
530000 202.000000
531000 200.000000
532000 224.000000
533000 202.000000
534000 248.000000
535000 232.000000
536000 249.000000
537000 232.000000
538000 204.000000
539000 240.000000
540000 218.000000
541000 221.000000
542000 226.000000
543000 216.000000
544000 202.000000
545000 215.000000
546000 232.000000
547000 208.000000
548000 241.000000
549000 218.000000
550000 216.000000
551000 232.000000
552000 223.000000
553000 201.000000
554000 233.000000
555000 242.000000
556000 200.000000
557000 234.000000
558000 224.000000
559000 203.000000
560000 216.000000
561000 216.000000
562000 210.000000
563000 234.000000
564000 226.000000
565000 216.000000
566000 224.000000
567000 217.000000
568000 210.000000
569000 225.000000
570000 213.000000
571000 204.000000
572000 225.000000
573000 216.000000
574000 218.000000
575000 225.000000
576000 208.000000
577000 217.000000
578000 217.000000
579000 209.000000
580000 232.000000
581000 224.000000
582000 225.000000
583000 172.000000
584000 218.000000
585000 233.000000
586000 233.000000
587000 250.000000
588000 240.000000
589000 225.000000
590000 232.000000
591000 220.000000
592000 249.000000
593000 249.000000
594000 240.000000
595000 233.000000
596000 262.000000
597000 251.000000
598000 200.000000
599000 241.000000
600000 250.000000
601000 231.000000
602000 235.000000
603000 217.000000
604000 219.000000
605000 170.000000
606000 226.000000
607000 232.000000
608000 184.000000
609000 178.000000
610000 187.000000
611000 196.000000
612000 275.000000
613000 232.000000
614000 225.000000
615000 247.000000
616000 232.000000
617000 226.000000
618000 177.000000
619000 241.000000
620000 248.000000
621000 216.000000
622000 220.000000
623000 185.000000
624000 184.000000
625000 216.000000
626000 220.000000
627000 200.000000
628000 192.000000
629000 194.000000
630000 187.000000
631000 229.000000
632000 258.000000
633000 264.000000
634000 250.000000
635000 266.000000
636000 242.000000
637000 274.000000
638000 290.000000
639000 269.000000
640000 225.000000
641000 243.000000
642000 264.000000
643000 244.000000
644000 266.000000
645000 233.000000
646000 216.000000
647000 235.000000
648000 251.000000
649000 265.000000
650000 265.000000
651000 250.000000
652000 252.000000
653000 248.000000
654000 197.000000
655000 184.000000
656000 239.000000
657000 291.000000
658000 245.000000
659000 265.000000
660000 275.000000
661000 265.000000
662000 282.000000
663000 283.000000
664000 265.000000
665000 217.000000
666000 267.000000
667000 242.000000
668000 265.000000
669000 259.000000
670000 274.000000
671000 250.000000
672000 277.000000
673000 292.000000
674000 267.000000
675000 283.000000
676000 276.000000
677000 268.000000
678000 297.000000
679000 282.000000
680000 274.000000
681000 283.000000
682000 296.000000
683000 281.000000
684000 268.000000
685000 249.000000
686000 266.000000
687000 276.000000
688000 268.000000
689000 264.000000
690000 267.000000
691000 307.000000
692000 250.000000
693000 249.000000
694000 281.000000
695000 281.000000
696000 275.000000
697000 265.000000
698000 298.000000
699000 280.000000
700000 259.000000
701000 274.000000
702000 273.000000
703000 285.000000
704000 273.000000
705000 267.000000
706000 267.000000
707000 281.000000
708000 280.000000
709000 274.000000
710000 298.000000
711000 282.000000
712000 289.000000
713000 258.000000
714000 261.000000
715000 291.000000
716000 242.000000
717000 207.000000
718000 217.000000
719000 262.000000
720000 283.000000
721000 290.000000
722000 293.000000
723000 291.000000
724000 299.000000
725000 284.000000
726000 284.000000
727000 298.000000
728000 306.000000
729000 281.000000
730000 231.000000
731000 205.000000
732000 220.000000
733000 215.000000
734000 218.000000
735000 216.000000
736000 214.000000
737000 272.000000
738000 276.000000
739000 306.000000
740000 285.000000
741000 299.000000
742000 290.000000
743000 266.000000
744000 297.000000
745000 300.000000
746000 228.000000
747000 224.000000
748000 297.000000
749000 321.000000
750000 299.000000
751000 322.000000
752000 291.000000
753000 314.000000
754000 306.000000
755000 329.000000
756000 282.000000
757000 296.000000
758000 323.000000
759000 329.000000
760000 305.000000
761000 299.000000
762000 301.000000
763000 322.000000
764000 297.000000
765000 297.000000
766000 312.000000
767000 299.000000
768000 307.000000
769000 304.000000
770000 298.000000
771000 306.000000
772000 326.000000
773000 300.000000
774000 312.000000
775000 329.000000
776000 306.000000
777000 299.000000
778000 328.000000
779000 314.000000
780000 305.000000
781000 328.000000
782000 332.000000
783000 298.000000
784000 297.000000
785000 297.000000
786000 330.000000
787000 306.000000
788000 306.000000
789000 321.000000
790000 329.000000
791000 346.000000
792000 315.000000
793000 316.000000
794000 273.000000
795000 232.000000
796000 249.000000
797000 305.000000
798000 288.000000
799000 296.000000
800000 313.000000
801000 306.000000
802000 268.000000
803000 233.000000
804000 233.000000
805000 320.000000
806000 362.000000
807000 315.000000
808000 322.000000
809000 348.000000
810000 323.000000
811000 331.000000
812000 315.000000
813000 345.000000
814000 315.000000
815000 323.000000
816000 330.000000
817000 324.000000
818000 323.000000
819000 323.000000
820000 339.000000
821000 338.000000
822000 332.000000
823000 337.000000
824000 298.000000
825000 275.000000
826000 255.000000
827000 239.000000
828000 250.000000
829000 243.000000
830000 263.000000
831000 307.000000
832000 332.000000
833000 348.000000
834000 341.000000
835000 364.000000
836000 326.000000
837000 350.000000
838000 325.000000
839000 315.000000
840000 293.000000
841000 268.000000
842000 246.000000
843000 306.000000
844000 332.000000
845000 330.000000
846000 255.000000
847000 316.000000
848000 324.000000
849000 318.000000
850000 316.000000
851000 293.000000
852000 344.000000
853000 451.000000
854000 341.000000
855000 317.000000
856000 300.000000
857000 309.000000
858000 317.000000
859000 320.000000
860000 308.000000
861000 355.000000
862000 312.000000
863000 304.000000
864000 322.000000
865000 314.000000
866000 325.000000
867000 321.000000
868000 321.000000
869000 323.000000
870000 313.000000
871000 320.000000
872000 331.000000
873000 321.000000
874000 344.000000
875000 290.000000
876000 326.000000
877000 297.000000
878000 357.000000
879000 305.000000
880000 335.000000
881000 276.000000
882000 334.000000
883000 304.000000
884000 339.000000
885000 312.000000
886000 314.000000
887000 337.000000
888000 315.000000
889000 322.000000
890000 350.000000
891000 334.000000
892000 314.000000
893000 327.000000
894000 336.000000
895000 332.000000
896000 325.000000
897000 330.000000
898000 331.000000
899000 319.000000
900000 317.000000
901000 323.000000
902000 309.000000
903000 330.000000
904000 328.000000
905000 325.000000
906000 329.000000
907000 339.000000
908000 328.000000
909000 339.000000
910000 356.000000
911000 351.000000
912000 355.000000
913000 350.000000
914000 335.000000
915000 362.000000
916000 342.000000
917000 348.000000
918000 354.000000
919000 355.000000
920000 348.000000
921000 337.000000
922000 337.000000
923000 328.000000
924000 347.000000
925000 340.000000
926000 338.000000
927000 348.000000
928000 351.000000
929000 354.000000
930000 364.000000
931000 339.000000
932000 351.000000
933000 359.000000
934000 348.000000
935000 355.000000
936000 338.000000
937000 356.000000
938000 350.000000
939000 349.000000
940000 352.000000
941000 322.000000
942000 381.000000
943000 339.000000
944000 334.000000
945000 487.000000
946000 315.000000
947000 300.000000
948000 238.000000
949000 176.000000
950000 169.000000
951000 172.000000
952000 148.000000
953000 160.000000
954000 159.000000
955000 165.000000
956000 160.000000
957000 185.000000
958000 153.000000
959000 160.000000
960000 183.000000
961000 167.000000
962000 167.000000
963000 171.000000
964000 160.000000
965000 179.000000
966000 174.000000
967000 178.000000
968000 158.000000
969000 178.000000
970000 183.000000
971000 174.000000
972000 160.000000
973000 281.000000
974000 207.000000
975000 163.000000
976000 170.000000
977000 207.000000
978000 320.000000
979000 177.000000
980000 183.000000
981000 184.000000
982000 175.000000
983000 170.000000
984000 163.000000
985000 162.000000
986000 177.000000
987000 191.000000
988000 192.000000
989000 175.000000
990000 157.000000
991000 175.000000
992000 159.000000
993000 164.000000
994000 160.000000
995000 171.000000
996000 217.000000
997000 206.000000
998000 184.000000
999000 190.000000
1000000 193.000000
