N Tempo_ms
1000 0.000000
2000 0.000000
3000 0.000000
4000 0.000000
5000 0.000000
6000 5.000000
7000 1.000000
8000 2.000000
9000 2.000000
10000 4.000000
11000 1.000000
12000 3.000000
13000 3.000000
14000 4.000000
15000 3.000000
16000 4.000000
17000 6.000000
18000 5.000000
19000 0.000000
20000 6.000000
21000 0.000000
22000 8.000000
23000 0.000000
24000 0.000000
25000 11.000000
26000 4.000000
27000 3.000000
28000 4.000000
29000 4.000000
30000 4.000000
31000 8.000000
32000 2.000000
33000 10.000000
34000 10.000000
35000 6.000000
36000 4.000000
37000 8.000000
38000 0.000000
39000 21.000000
40000 3.000000
41000 9.000000
42000 8.000000
43000 8.000000
44000 8.000000
45000 18.000000
46000 11.000000
47000 1.000000
48000 1.000000
49000 15.000000
50000 8.000000
51000 8.000000
52000 8.000000
53000 11.000000
54000 8.000000
55000 4.000000
56000 17.000000
57000 7.000000
58000 17.000000
59000 13.000000
60000 10.000000
61000 10.000000
62000 15.000000
63000 16.000000
64000 25.000000
65000 19.000000
66000 13.000000
67000 15.000000
68000 17.000000
69000 16.000000
70000 14.000000
71000 14.000000
72000 17.000000
73000 13.000000
74000 15.000000
75000 16.000000
76000 11.000000
77000 17.000000
78000 12.000000
79000 17.000000
80000 12.000000
81000 13.000000
82000 16.000000
83000 14.000000
84000 9.000000
85000 15.000000
86000 18.000000
87000 13.000000
88000 19.000000
89000 15.000000
90000 20.000000
91000 10.000000
92000 25.000000
93000 17.000000
94000 15.000000
95000 14.000000
96000 14.000000
97000 19.000000
98000 18.000000
99000 22.000000
100000 18.000000
101000 16.000000
102000 12.000000
103000 14.000000
104000 19.000000
105000 15.000000
106000 14.000000
107000 23.000000
108000 21.000000
109000 25.000000
110000 18.000000
111000 18.000000
112000 20.000000
113000 12.000000
114000 28.000000
115000 35.000000
116000 29.000000
117000 17.000000
118000 35.000000
119000 16.000000
120000 16.000000
121000 32.000000
122000 15.000000
123000 16.000000
124000 31.000000
125000 16.000000
126000 14.000000
127000 32.000000
128000 16.000000
129000 22.000000
130000 26.000000
131000 23.000000
132000 19.000000
133000 26.000000
134000 25.000000
135000 20.000000
136000 18.000000
137000 23.000000
138000 19.000000
139000 24.000000
140000 26.000000
141000 23.000000
142000 22.000000
143000 20.000000
144000 27.000000
145000 20.000000
146000 26.000000
147000 26.000000
148000 21.000000
149000 23.000000
150000 19.000000
151000 22.000000
152000 28.000000
153000 25.000000
154000 29.000000
155000 24.000000
156000 27.000000
157000 27.000000
158000 36.000000
159000 32.000000
160000 41.000000
161000 42.000000
162000 45.000000
163000 47.000000
164000 49.000000
165000 47.000000
166000 52.000000
167000 48.000000
168000 45.000000
169000 53.000000
170000 51.000000
171000 50.000000
172000 49.000000
173000 50.000000
174000 49.000000
175000 69.000000
176000 67.000000
177000 62.000000
178000 66.000000
179000 65.000000
180000 66.000000
181000 64.000000
182000 57.000000
183000 64.000000
184000 65.000000
185000 78.000000
186000 63.000000
187000 32.000000
188000 30.000000
189000 32.000000
190000 29.000000
191000 36.000000
192000 31.000000
193000 32.000000
194000 30.000000
195000 31.000000
196000 33.000000
197000 29.000000
198000 41.000000
199000 29.000000
200000 38.000000
201000 31.000000
202000 32.000000
203000 36.000000
204000 34.000000
205000 30.000000
206000 34.000000
207000 52.000000
208000 45.000000
209000 51.000000
210000 48.000000
211000 42.000000
212000 51.000000
213000 38.000000
214000 32.000000
215000 30.000000
216000 32.000000
217000 35.000000
218000 32.000000
219000 32.000000
220000 35.000000
221000 44.000000
222000 24.000000
223000 31.000000
224000 42.000000
225000 36.000000
226000 42.000000
227000 47.000000
228000 34.000000
229000 36.000000
230000 41.000000
231000 38.000000
232000 43.000000
233000 50.000000
234000 44.000000
235000 43.000000
236000 32.000000
237000 39.000000
238000 33.000000
239000 46.000000
240000 46.000000
241000 44.000000
242000 36.000000
243000 38.000000
244000 42.000000
245000 45.000000
246000 41.000000
247000 45.000000
248000 32.000000
249000 48.000000
250000 32.000000
251000 40.000000
252000 38.000000
253000 32.000000
254000 49.000000
255000 46.000000
256000 32.000000
257000 48.000000
258000 31.000000
259000 32.000000
260000 47.000000
261000 32.000000
262000 39.000000
263000 39.000000
264000 42.000000
265000 49.000000
266000 44.000000
267000 44.000000
268000 48.000000
269000 32.000000
270000 40.000000
271000 31.000000
272000 48.000000
273000 48.000000
274000 47.000000
275000 31.000000
276000 48.000000
277000 47.000000
278000 48.000000
279000 47.000000
280000 48.000000
281000 47.000000
282000 47.000000
283000 41.000000
284000 47.000000
285000 48.000000
286000 60.000000
287000 32.000000
288000 48.000000
289000 45.000000
290000 48.000000
291000 48.000000
292000 46.000000
293000 49.000000
294000 45.000000
295000 46.000000
296000 47.000000
297000 48.000000
298000 47.000000
299000 48.000000
300000 51.000000
301000 44.000000
302000 56.000000
303000 49.000000
304000 53.000000
305000 37.000000
306000 48.000000
307000 47.000000
308000 61.000000
309000 51.000000
310000 48.000000
311000 51.000000
312000 47.000000
313000 53.000000
314000 47.000000
315000 49.000000
316000 51.000000
317000 41.000000
318000 56.000000
319000 50.000000
320000 48.000000
321000 46.000000
322000 47.000000
323000 62.000000
324000 48.000000
325000 49.000000
326000 49.000000
327000 50.000000
328000 51.000000
329000 50.000000
330000 47.000000
331000 49.000000
332000 49.000000
333000 50.000000
334000 64.000000
335000 44.000000
336000 47.000000
337000 50.000000
338000 55.000000
339000 50.000000
340000 45.000000
341000 63.000000
342000 51.000000
343000 54.000000
344000 51.000000
345000 58.000000
346000 61.000000
347000 45.000000
348000 64.000000
349000 50.000000
350000 53.000000
351000 45.000000
352000 47.000000
353000 65.000000
354000 62.000000
355000 50.000000
356000 58.000000
357000 53.000000
358000 49.000000
359000 65.000000
360000 57.000000
361000 54.000000
362000 64.000000
363000 67.000000
364000 66.000000
365000 64.000000
366000 64.000000
367000 61.000000
368000 76.000000
369000 63.000000
370000 70.000000
371000 64.000000
372000 63.000000
373000 64.000000
374000 81.000000
375000 68.000000
376000 63.000000
377000 81.000000
378000 58.000000
379000 63.000000
380000 76.000000
381000 64.000000
382000 63.000000
383000 64.000000
384000 66.000000
385000 65.000000
386000 70.000000
387000 78.000000
388000 72.000000
389000 74.000000
390000 69.000000
391000 71.000000
392000 71.000000
393000 68.000000
394000 60.000000
395000 74.000000
396000 65.000000
397000 85.000000
398000 79.000000
399000 68.000000
400000 80.000000
401000 63.000000
402000 64.000000
403000 63.000000
404000 63.000000
405000 80.000000
406000 63.000000
407000 79.000000
408000 80.000000
409000 78.000000
410000 79.000000
411000 79.000000
412000 79.000000
413000 80.000000
414000 79.000000
415000 79.000000
416000 63.000000
417000 82.000000
418000 71.000000
419000 80.000000
420000 79.000000
421000 79.000000
422000 79.000000
423000 63.000000
424000 79.000000
425000 79.000000
426000 79.000000
427000 79.000000
428000 63.000000
429000 79.000000
430000 79.000000
431000 89.000000
432000 77.000000
433000 79.000000
434000 79.000000
435000 79.000000
436000 79.000000
437000 79.000000
438000 79.000000
439000 79.000000
440000 95.000000
441000 79.000000
442000 79.000000
443000 79.000000
444000 88.000000
445000 80.000000
446000 94.000000
447000 80.000000
448000 79.000000
449000 79.000000
450000 79.000000
451000 78.000000
452000 79.000000
453000 79.000000
454000 79.000000
455000 79.000000
456000 87.000000
457000 79.000000
458000 79.000000
459000 95.000000
460000 79.000000
461000 97.000000
462000 70.000000
463000 79.000000
464000 95.000000
465000 80.000000
466000 79.000000
467000 95.000000
468000 79.000000
469000 79.000000
470000 79.000000
471000 80.000000
472000 94.000000
473000 79.000000
474000 79.000000
475000 95.000000
476000 95.000000
477000 95.000000
478000 79.000000
479000 79.000000
480000 79.000000
481000 79.000000
482000 95.000000
483000 96.000000
484000 94.000000
485000 95.000000
486000 95.000000
487000 95.000000
488000 94.000000
489000 95.000000
490000 95.000000
491000 95.000000
492000 97.000000
493000 93.000000
494000 95.000000
495000 94.000000
496000 95.000000
497000 79.000000
498000 95.000000
499000 103.000000
500000 79.000000
501000 95.000000
502000 79.000000
503000 79.000000
504000 79.000000
505000 94.000000
506000 88.000000
507000 96.000000
508000 94.000000
509000 79.000000
510000 80.000000
511000 96.000000
512000 94.000000
513000 95.000000
514000 95.000000
515000 95.000000
516000 95.000000
517000 87.000000
518000 96.000000
519000 94.000000
520000 79.000000
521000 96.000000
522000 94.000000
523000 109.000000
524000 90.000000
525000 95.000000
526000 95.000000
527000 94.000000
528000 99.000000
529000 84.000000
530000 94.000000
531000 79.000000
532000 97.000000
533000 86.000000
534000 95.000000
535000 95.000000
536000 95.000000
537000 94.000000
538000 95.000000
539000 95.000000
540000 79.000000
541000 95.000000
542000 95.000000
543000 95.000000
544000 95.000000
545000 95.000000
546000 95.000000
547000 111.000000
548000 95.000000
549000 95.000000
550000 114.000000
551000 100.000000
552000 112.000000
553000 102.000000
554000 111.000000
555000 111.000000
556000 95.000000
557000 95.000000
558000 103.000000
559000 95.000000
560000 111.000000
561000 111.000000
562000 111.000000
563000 111.000000
564000 114.000000
565000 102.000000
566000 110.000000
567000 111.000000
568000 111.000000
569000 111.000000
570000 110.000000
571000 111.000000
572000 111.000000
573000 112.000000
574000 111.000000
575000 111.000000
576000 88.000000
577000 111.000000
578000 111.000000
579000 110.000000
580000 96.000000
581000 96.000000
582000 111.000000
583000 96.000000
584000 96.000000
585000 95.000000
586000 111.000000
587000 119.000000
588000 111.000000
589000 112.000000
590000 111.000000
591000 110.000000
592000 111.000000
593000 95.000000
594000 95.000000
595000 102.000000
596000 111.000000
597000 96.000000
598000 111.000000
599000 110.000000
600000 111.000000
601000 94.000000
602000 111.000000
603000 111.000000
604000 95.000000
605000 111.000000
606000 123.000000
607000 107.000000
608000 109.000000
609000 111.000000
610000 111.000000
611000 110.000000
612000 95.000000
613000 110.000000
614000 111.000000
615000 110.000000
616000 112.000000
617000 112.000000
618000 110.000000
619000 111.000000
620000 111.000000
621000 111.000000
622000 111.000000
623000 102.000000
624000 110.000000
625000 110.000000
626000 111.000000
627000 111.000000
628000 126.000000
629000 120.000000
630000 112.000000
631000 111.000000
632000 111.000000
633000 110.000000
634000 127.000000
635000 110.000000
636000 111.000000
637000 112.000000
638000 111.000000
639000 127.000000
640000 127.000000
641000 110.000000
642000 111.000000
643000 126.000000
644000 111.000000
645000 111.000000
646000 111.000000
647000 110.000000
648000 111.000000
649000 111.000000
650000 127.000000
651000 126.000000
652000 126.000000
653000 127.000000
654000 111.000000
655000 111.000000
656000 111.000000
657000 110.000000
658000 111.000000
659000 111.000000
660000 111.000000
661000 111.000000
662000 126.000000
663000 127.000000
664000 144.000000
665000 112.000000
666000 126.000000
667000 126.000000
668000 127.000000
669000 127.000000
670000 111.000000
671000 111.000000
672000 126.000000
673000 127.000000
674000 109.000000
675000 127.000000
676000 126.000000
677000 127.000000
678000 143.000000
679000 121.000000
680000 114.000000
681000 127.000000
682000 126.000000
683000 126.000000
684000 111.000000
685000 127.000000
686000 126.000000
687000 127.000000
688000 126.000000
689000 127.000000
690000 126.000000
691000 127.000000
692000 111.000000
693000 126.000000
694000 111.000000
695000 127.000000
696000 138.000000
697000 123.000000
698000 125.000000
699000 127.000000
700000 137.000000
701000 122.000000
702000 130.000000
703000 126.000000
704000 111.000000
705000 126.000000
706000 111.000000
707000 135.000000
708000 127.000000
709000 127.000000
710000 127.000000
711000 126.000000
712000 127.000000
713000 127.000000
714000 126.000000
715000 127.000000
716000 126.000000
717000 127.000000
718000 135.000000
719000 127.000000
720000 127.000000
721000 126.000000
722000 127.000000
723000 126.000000
724000 126.000000
725000 138.000000
726000 123.000000
727000 127.000000
728000 142.000000
729000 142.000000
730000 143.000000
731000 126.000000
732000 126.000000
733000 127.000000
734000 127.000000
735000 126.000000
736000 126.000000
737000 127.000000
738000 126.000000
739000 126.000000
740000 142.000000
741000 149.000000
742000 127.000000
743000 119.000000
744000 126.000000
745000 127.000000
746000 143.000000
747000 142.000000
748000 126.000000
749000 127.000000
750000 127.000000
751000 126.000000
752000 126.000000
753000 127.000000
754000 127.000000
755000 142.000000
756000 143.000000
757000 142.000000
758000 168.000000
759000 175.000000
760000 158.000000
761000 146.000000
762000 126.000000
763000 142.000000
764000 126.000000
765000 127.000000
766000 142.000000
767000 126.000000
768000 142.000000
769000 143.000000
770000 143.000000
771000 142.000000
772000 143.000000
773000 141.000000
774000 142.000000
775000 127.000000
776000 142.000000
777000 142.000000
778000 143.000000
779000 147.000000
780000 143.000000
781000 144.000000
782000 143.000000
783000 143.000000
784000 159.000000
785000 127.000000
786000 145.000000
787000 135.000000
788000 143.000000
789000 146.000000
790000 127.000000
791000 153.000000
792000 140.000000
793000 143.000000
794000 142.000000
795000 143.000000
796000 142.000000
797000 140.000000
798000 142.000000
799000 146.000000
800000 142.000000
801000 142.000000
802000 133.000000
803000 134.000000
804000 140.000000
805000 144.000000
806000 146.000000
807000 150.000000
808000 144.000000
809000 158.000000
810000 174.000000
811000 181.000000
812000 169.000000
813000 167.000000
814000 160.000000
815000 207.000000
816000 153.000000
817000 142.000000
818000 142.000000
819000 174.000000
820000 164.000000
821000 157.000000
822000 159.000000
823000 135.000000
824000 135.000000
825000 143.000000
826000 150.000000
827000 142.000000
828000 147.000000
829000 143.000000
830000 141.000000
831000 143.000000
832000 159.000000
833000 131.000000
834000 143.000000
835000 144.000000
836000 152.000000
837000 143.000000
838000 160.000000
839000 146.000000
840000 159.000000
841000 159.000000
842000 144.000000
843000 139.000000
844000 143.000000
845000 149.000000
846000 139.000000
847000 143.000000
848000 158.000000
849000 158.000000
850000 143.000000
851000 150.000000
852000 155.000000
853000 154.000000
854000 158.000000
855000 160.000000
856000 162.000000
857000 150.000000
858000 139.000000
859000 158.000000
860000 159.000000
861000 166.000000
862000 144.000000
863000 160.000000
864000 151.000000
865000 156.000000
866000 145.000000
867000 143.000000
868000 158.000000
869000 144.000000
870000 158.000000
871000 160.000000
872000 139.000000
873000 159.000000
874000 143.000000
875000 159.000000
876000 143.000000
877000 160.000000
878000 143.000000
879000 158.000000
880000 159.000000
881000 159.000000
882000 159.000000
883000 167.000000
884000 152.000000
885000 157.000000
886000 171.000000
887000 147.000000
888000 158.000000
889000 165.000000
890000 162.000000
891000 157.000000
892000 145.000000
893000 169.000000
894000 148.000000
895000 158.000000
896000 157.000000
897000 157.000000
898000 158.000000
899000 161.000000
900000 170.000000
901000 157.000000
902000 151.000000
903000 158.000000
904000 166.000000
905000 154.000000
906000 158.000000
907000 157.000000
908000 158.000000
909000 167.000000
910000 160.000000
911000 173.000000
912000 173.000000
913000 158.000000
914000 174.000000
915000 189.000000
916000 200.000000
917000 166.000000
918000 164.000000
919000 177.000000
920000 183.000000
921000 165.000000
922000 218.000000
923000 208.000000
924000 162.000000
925000 177.000000
926000 196.000000
927000 177.000000
928000 181.000000
929000 200.000000
930000 227.000000
931000 218.000000
932000 231.000000
933000 199.000000
934000 221.000000
935000 218.000000
936000 222.000000
937000 207.000000
938000 194.000000
939000 174.000000
940000 173.000000
941000 176.000000
942000 160.000000
943000 173.000000
944000 181.000000
945000 183.000000
946000 166.000000
947000 170.000000
948000 157.000000
949000 174.000000
950000 167.000000
951000 158.000000
952000 179.000000
953000 173.000000
954000 175.000000
955000 166.000000
956000 173.000000
957000 204.000000
958000 173.000000
959000 170.000000
960000 209.000000
961000 211.000000
962000 173.000000
963000 201.000000
964000 221.000000
965000 195.000000
966000 189.000000
967000 162.000000
968000 183.000000
969000 152.000000
970000 162.000000
971000 177.000000
972000 174.000000
973000 175.000000
974000 181.000000
975000 172.000000
976000 176.000000
977000 183.000000
978000 176.000000
979000 209.000000
980000 211.000000
981000 174.000000
982000 209.000000
983000 215.000000
984000 162.000000
985000 201.000000
986000 236.000000
987000 223.000000
988000 227.000000
989000 217.000000
990000 176.000000
991000 187.000000
992000 217.000000
993000 228.000000
994000 220.000000
995000 266.000000
996000 185.000000
997000 176.000000
998000 174.000000
999000 174.000000
1000000 175.000000
