N Tempo_ms
1000 0.000000
2000 0.000000
3000 0.000000
4000 0.000000
5000 2.000000
6000 1.000000
7000 0.000000
8000 0.000000
9000 0.000000
10000 0.000000
11000 0.000000
12000 0.000000
13000 12.000000
14000 1.000000
15000 39.000000
16000 3.000000
17000 7.000000
18000 8.000000
19000 21.000000
20000 4.000000
21000 5.000000
22000 7.000000
23000 10.000000
24000 10.000000
25000 2.000000
26000 0.000000
27000 10.000000
28000 2.000000
29000 8.000000
30000 7.000000
31000 3.000000
32000 0.000000
33000 8.000000
34000 0.000000
35000 0.000000
36000 9.000000
37000 0.000000
38000 8.000000
39000 0.000000
40000 8.000000
41000 0.000000
42000 0.000000
43000 0.000000
44000 0.000000
45000 0.000000
46000 16.000000
47000 1.000000
48000 9.000000
49000 0.000000
50000 8.000000
51000 0.000000
52000 0.000000
53000 18.000000
54000 12.000000
55000 6.000000
56000 7.000000
57000 7.000000
58000 3.000000
59000 8.000000
60000 8.000000
61000 0.000000
62000 4.000000
63000 4.000000
64000 5.000000
65000 0.000000
66000 15.000000
67000 6.000000
68000 0.000000
69000 2.000000
70000 0.000000
71000 14.000000
72000 0.000000
73000 16.000000
74000 8.000000
75000 4.000000
76000 4.000000
77000 0.000000
78000 13.000000
79000 0.000000
80000 20.000000
81000 9.000000
82000 8.000000
83000 10.000000
84000 0.000000
85000 14.000000
86000 9.000000
87000 9.000000
88000 8.000000
89000 8.000000
90000 13.000000
91000 15.000000
92000 10.000000
93000 10.000000
94000 10.000000
95000 15.000000
96000 10.000000
97000 13.000000
98000 8.000000
99000 9.000000
100000 8.000000
101000 13.000000
102000 10.000000
103000 6.000000
104000 8.000000
105000 9.000000
106000 16.000000
107000 9.000000
108000 16.000000
109000 11.000000
110000 14.000000
111000 9.000000
112000 17.000000
113000 8.000000
114000 8.000000
115000 16.000000
116000 9.000000
117000 8.000000
118000 17.000000
119000 9.000000
120000 8.000000
121000 8.000000
122000 14.000000
123000 17.000000
124000 15.000000
125000 8.000000
126000 9.000000
127000 16.000000
128000 21.000000
129000 17.000000
130000 28.000000
131000 24.000000
132000 22.000000
133000 29.000000
134000 27.000000
135000 26.000000
136000 30.000000
137000 33.000000
138000 40.000000
139000 30.000000
140000 23.000000
141000 19.000000
142000 20.000000
143000 31.000000
144000 21.000000
145000 24.000000
146000 14.000000
147000 12.000000
148000 15.000000
149000 17.000000
150000 12.000000
151000 9.000000
152000 17.000000
153000 8.000000
154000 14.000000
155000 16.000000
156000 16.000000
157000 25.000000
158000 13.000000
159000 12.000000
160000 4.000000
161000 31.000000
162000 16.000000
163000 0.000000
164000 15.000000
165000 8.000000
166000 8.000000
167000 17.000000
168000 15.000000
169000 17.000000
170000 15.000000
171000 16.000000
172000 15.000000
173000 17.000000
174000 16.000000
175000 16.000000
176000 17.000000
177000 15.000000
178000 11.000000
179000 26.000000
180000 9.000000
181000 26.000000
182000 17.000000
183000 2.000000
184000 15.000000
185000 14.000000
186000 14.000000
187000 14.000000
188000 16.000000
189000 25.000000
190000 21.000000
191000 12.000000
192000 16.000000
193000 16.000000
194000 16.000000
195000 18.000000
196000 18.000000
197000 18.000000
198000 19.000000
199000 16.000000
200000 25.000000
201000 15.000000
202000 4.000000
203000 16.000000
204000 16.000000
205000 27.000000
206000 17.000000
207000 10.000000
208000 26.000000
209000 17.000000
210000 16.000000
211000 16.000000
212000 16.000000
213000 32.000000
214000 15.000000
215000 28.000000
216000 18.000000
217000 15.000000
218000 33.000000
219000 19.000000
220000 21.000000
221000 10.000000
222000 16.000000
223000 16.000000
224000 16.000000
225000 16.000000
226000 14.000000
227000 16.000000
228000 16.000000
229000 16.000000
230000 16.000000
231000 32.000000
232000 16.000000
233000 34.000000
234000 18.000000
235000 19.000000
236000 6.000000
237000 16.000000
238000 16.000000
239000 32.000000
240000 15.000000
241000 32.000000
242000 22.000000
243000 21.000000
244000 20.000000
245000 8.000000
246000 19.000000
247000 17.000000
248000 15.000000
249000 16.000000
250000 16.000000
251000 16.000000
252000 14.000000
253000 16.000000
254000 16.000000
255000 16.000000
256000 27.000000
257000 10.000000
258000 15.000000
259000 32.000000
260000 16.000000
261000 33.000000
262000 15.000000
263000 16.000000
264000 32.000000
265000 16.000000
266000 16.000000
267000 32.000000
268000 16.000000
269000 31.000000
270000 32.000000
271000 31.000000
272000 39.000000
273000 35.000000
274000 35.000000
275000 42.000000
276000 42.000000
277000 31.000000
278000 30.000000
279000 17.000000
280000 30.000000
281000 32.000000
282000 26.000000
283000 32.000000
284000 29.000000
285000 26.000000
286000 31.000000
287000 42.000000
288000 35.000000
289000 32.000000
290000 33.000000
291000 26.000000
292000 33.000000
293000 30.000000
294000 37.000000
295000 34.000000
296000 30.000000
297000 32.000000
298000 33.000000
299000 27.000000
300000 30.000000
301000 24.000000
302000 16.000000
303000 31.000000
304000 42.000000
305000 72.000000
306000 79.000000
307000 35.000000
308000 63.000000
309000 106.000000
310000 91.000000
311000 66.000000
312000 68.000000
313000 51.000000
314000 48.000000
315000 63.000000
316000 71.000000
317000 78.000000
318000 76.000000
319000 48.000000
320000 47.000000
321000 49.000000
322000 38.000000
323000 44.000000
324000 58.000000
325000 96.000000
326000 90.000000
327000 90.000000
328000 83.000000
329000 97.000000
330000 95.000000
331000 89.000000
332000 64.000000
333000 79.000000
334000 97.000000
335000 101.000000
336000 83.000000
337000 93.000000
338000 81.000000
339000 86.000000
340000 89.000000
341000 83.000000
342000 82.000000
343000 91.000000
344000 85.000000
345000 84.000000
346000 86.000000
347000 83.000000
348000 86.000000
349000 83.000000
350000 83.000000
351000 79.000000
352000 200.000000
353000 56.000000
354000 97.000000
355000 97.000000
356000 96.000000
357000 103.000000
358000 79.000000
359000 96.000000
360000 90.000000
361000 83.000000
362000 85.000000
363000 98.000000
364000 88.000000
365000 87.000000
366000 88.000000
367000 91.000000
368000 95.000000
369000 80.000000
370000 40.000000
371000 56.000000
372000 48.000000
373000 50.000000
374000 61.000000
375000 96.000000
376000 90.000000
377000 101.000000
378000 92.000000
379000 97.000000
380000 93.000000
381000 89.000000
382000 84.000000
383000 62.000000
384000 82.000000
385000 96.000000
386000 83.000000
387000 90.000000
388000 81.000000
389000 58.000000
390000 96.000000
391000 94.000000
392000 92.000000
393000 67.000000
394000 48.000000
395000 48.000000
396000 65.000000
397000 92.000000
398000 96.000000
399000 105.000000
400000 104.000000
401000 97.000000
402000 90.000000
403000 99.000000
404000 101.000000
405000 94.000000
406000 93.000000
407000 95.000000
408000 101.000000
409000 88.000000
410000 103.000000
411000 93.000000
412000 89.000000
413000 64.000000
414000 100.000000
415000 102.000000
416000 106.000000
417000 111.000000
418000 99.000000
419000 113.000000
420000 116.000000
421000 116.000000
422000 102.000000
423000 103.000000
424000 104.000000
425000 92.000000
426000 104.000000
427000 105.000000
428000 97.000000
429000 113.000000
430000 110.000000
431000 106.000000
432000 104.000000
433000 95.000000
434000 104.000000
435000 100.000000
436000 94.000000
437000 92.000000
438000 107.000000
439000 112.000000
440000 105.000000
441000 120.000000
442000 112.000000
443000 113.000000
444000 111.000000
445000 114.000000
446000 111.000000
447000 98.000000
448000 93.000000
449000 112.000000
450000 116.000000
451000 109.000000
452000 100.000000
453000 105.000000
454000 105.000000
455000 121.000000
456000 117.000000
457000 99.000000
458000 82.000000
459000 46.000000
460000 73.000000
461000 104.000000
462000 111.000000
463000 108.000000
464000 106.000000
465000 55.000000
466000 73.000000
467000 84.000000
468000 110.000000
469000 108.000000
470000 121.000000
471000 117.000000
472000 103.000000
473000 98.000000
474000 118.000000
475000 111.000000
476000 116.000000
477000 117.000000
478000 77.000000
479000 105.000000
480000 130.000000
481000 116.000000
482000 114.000000
483000 65.000000
484000 74.000000
485000 68.000000
486000 116.000000
487000 95.000000
488000 64.000000
489000 61.000000
490000 110.000000
491000 115.000000
492000 135.000000
493000 122.000000
494000 122.000000
495000 126.000000
496000 105.000000
497000 84.000000
498000 74.000000
499000 129.000000
500000 114.000000
501000 136.000000
502000 118.000000
503000 115.000000
504000 76.000000
505000 72.000000
506000 133.000000
507000 120.000000
508000 119.000000
509000 136.000000
510000 124.000000
511000 114.000000
512000 137.000000
513000 126.000000
514000 125.000000
515000 103.000000
516000 133.000000
517000 125.000000
518000 98.000000
519000 64.000000
520000 63.000000
521000 97.000000
522000 137.000000
523000 131.000000
524000 82.000000
525000 75.000000
526000 84.000000
527000 76.000000
528000 77.000000
529000 78.000000
530000 72.000000
531000 79.000000
532000 77.000000
533000 72.000000
534000 91.000000
535000 130.000000
536000 117.000000
537000 106.000000
538000 137.000000
539000 95.000000
540000 70.000000
541000 63.000000
542000 64.000000
543000 88.000000
544000 82.000000
545000 64.000000
546000 64.000000
547000 128.000000
548000 151.000000
549000 144.000000
550000 133.000000
551000 128.000000
552000 160.000000
553000 134.000000
554000 129.000000
555000 103.000000
556000 82.000000
557000 105.000000
558000 136.000000
559000 114.000000
560000 74.000000
561000 138.000000
562000 131.000000
563000 126.000000
564000 125.000000
565000 136.000000
566000 146.000000
567000 141.000000
568000 127.000000
569000 86.000000
570000 93.000000
571000 131.000000
572000 105.000000
573000 88.000000
574000 146.000000
575000 141.000000
576000 135.000000
577000 141.000000
578000 127.000000
579000 140.000000
580000 132.000000
581000 88.000000
582000 118.000000
583000 133.000000
584000 139.000000
585000 149.000000
586000 135.000000
587000 145.000000
588000 143.000000
589000 140.000000
590000 122.000000
591000 147.000000
592000 141.000000
593000 141.000000
594000 144.000000
595000 143.000000
596000 145.000000
597000 142.000000
598000 150.000000
599000 146.000000
600000 151.000000
601000 141.000000
602000 135.000000
603000 139.000000
604000 96.000000
605000 92.000000
606000 159.000000
607000 151.000000
608000 142.000000
609000 100.000000
610000 104.000000
611000 114.000000
612000 87.000000
613000 117.000000
614000 148.000000
615000 140.000000
616000 133.000000
617000 147.000000
618000 137.000000
619000 145.000000
620000 149.000000
621000 154.000000
622000 163.000000
623000 163.000000
624000 153.000000
625000 143.000000
626000 162.000000
627000 148.000000
628000 123.000000
629000 163.000000
630000 149.000000
631000 148.000000
632000 150.000000
633000 268.000000
634000 147.000000
635000 150.000000
636000 144.000000
637000 142.000000
638000 155.000000
639000 117.000000
640000 153.000000
641000 152.000000
642000 116.000000
643000 113.000000
644000 82.000000
645000 82.000000
646000 132.000000
647000 155.000000
648000 161.000000
649000 120.000000
650000 163.000000
651000 145.000000
652000 155.000000
653000 158.000000
654000 162.000000
655000 170.000000
656000 153.000000
657000 153.000000
658000 157.000000
659000 92.000000
660000 86.000000
661000 145.000000
662000 129.000000
663000 175.000000
664000 113.000000
665000 80.000000
666000 94.000000
667000 89.000000
668000 162.000000
669000 164.000000
670000 130.000000
671000 171.000000
672000 112.000000
673000 170.000000
674000 158.000000
675000 129.000000
676000 90.000000
677000 120.000000
678000 156.000000
679000 175.000000
680000 160.000000
681000 171.000000
682000 164.000000
683000 159.000000
684000 158.000000
685000 166.000000
686000 169.000000
687000 158.000000
688000 150.000000
689000 149.000000
690000 177.000000
691000 165.000000
692000 126.000000
693000 177.000000
694000 158.000000
695000 160.000000
696000 168.000000
697000 171.000000
698000 158.000000
699000 131.000000
700000 165.000000
701000 174.000000
702000 165.000000
703000 176.000000
704000 152.000000
705000 109.000000
706000 98.000000
707000 166.000000
708000 189.000000
709000 130.000000
710000 89.000000
711000 91.000000
712000 162.000000
713000 186.000000
714000 161.000000
715000 168.000000
716000 171.000000
717000 170.000000
718000 187.000000
719000 186.000000
720000 186.000000
721000 169.000000
722000 169.000000
723000 170.000000
724000 169.000000
725000 169.000000
726000 186.000000
727000 176.000000
728000 177.000000
729000 184.000000
730000 185.000000
731000 186.000000
732000 186.000000
733000 185.000000
734000 186.000000
735000 171.000000
736000 185.000000
737000 184.000000
738000 178.000000
739000 178.000000
740000 169.000000
741000 186.000000
742000 202.000000
743000 208.000000
744000 199.000000
745000 186.000000
746000 188.000000
747000 186.000000
748000 187.000000
749000 186.000000
750000 194.000000
751000 176.000000
752000 204.000000
753000 138.000000
754000 129.000000
755000 184.000000
756000 196.000000
757000 186.000000
758000 194.000000
759000 193.000000
760000 195.000000
761000 178.000000
762000 185.000000
763000 172.000000
764000 184.000000
765000 187.000000
766000 201.000000
767000 202.000000
768000 191.000000
769000 185.000000
770000 186.000000
771000 185.000000
772000 224.000000
773000 252.000000
774000 111.000000
775000 74.000000
776000 68.000000
777000 75.000000
778000 64.000000
779000 61.000000
780000 82.000000
781000 84.000000
782000 58.000000
783000 62.000000
784000 64.000000
785000 59.000000
786000 78.000000
787000 74.000000
788000 87.000000
789000 64.000000
790000 59.000000
791000 62.000000
792000 80.000000
793000 77.000000
794000 61.000000
795000 94.000000
796000 80.000000
797000 64.000000
798000 94.000000
799000 61.000000
800000 94.000000
801000 77.000000
802000 63.000000
803000 62.000000
804000 77.000000
805000 64.000000
806000 94.000000
807000 75.000000
808000 78.000000
809000 73.000000
810000 63.000000
811000 78.000000
812000 78.000000
813000 73.000000
814000 59.000000
815000 62.000000
816000 63.000000
817000 116.000000
818000 64.000000
819000 61.000000
820000 61.000000
821000 70.000000
822000 63.000000
823000 92.000000
824000 78.000000
825000 96.000000
826000 93.000000
827000 93.000000
828000 63.000000
829000 79.000000
830000 63.000000
831000 78.000000
832000 86.000000
833000 63.000000
834000 94.000000
835000 84.000000
836000 62.000000
837000 99.000000
838000 64.000000
839000 77.000000
840000 77.000000
841000 79.000000
842000 62.000000
843000 92.000000
844000 78.000000
845000 79.000000
846000 78.000000
847000 78.000000
848000 77.000000
849000 64.000000
850000 78.000000
851000 76.000000
852000 62.000000
853000 64.000000
854000 53.000000
855000 94.000000
856000 78.000000
857000 77.000000
858000 80.000000
859000 66.000000
860000 94.000000
861000 77.000000
862000 64.000000
863000 77.000000
864000 78.000000
865000 70.000000
866000 71.000000
867000 103.000000
868000 76.000000
869000 63.000000
870000 73.000000
871000 98.000000
872000 66.000000
873000 57.000000
874000 85.000000
875000 78.000000
876000 80.000000
877000 79.000000
878000 69.000000
879000 77.000000
880000 78.000000
881000 65.000000
882000 61.000000
883000 74.000000
884000 78.000000
885000 64.000000
886000 77.000000
887000 78.000000
888000 78.000000
889000 98.000000
890000 94.000000
891000 82.000000
892000 77.000000
893000 62.000000
894000 76.000000
895000 78.000000
896000 69.000000
897000 77.000000
898000 83.000000
899000 65.000000
900000 71.000000
901000 81.000000
902000 72.000000
903000 80.000000
904000 69.000000
905000 78.000000
906000 77.000000
907000 63.000000
908000 58.000000
909000 77.000000
910000 78.000000
911000 80.000000
912000 79.000000
913000 73.000000
914000 71.000000
915000 80.000000
916000 77.000000
917000 62.000000
918000 77.000000
919000 87.000000
920000 59.000000
921000 72.000000
922000 77.000000
923000 64.000000
924000 59.000000
925000 77.000000
926000 78.000000
927000 64.000000
928000 71.000000
929000 77.000000
930000 78.000000
931000 87.000000
932000 58.000000
933000 75.000000
934000 77.000000
935000 77.000000
936000 79.000000
937000 68.000000
938000 78.000000
939000 77.000000
940000 77.000000
941000 101.000000
942000 64.000000
943000 79.000000
944000 90.000000
945000 77.000000
946000 77.000000
947000 79.000000
948000 78.000000
949000 78.000000
950000 78.000000
951000 84.000000
952000 85.000000
953000 77.000000
954000 77.000000
955000 72.000000
956000 78.000000
957000 80.000000
958000 67.000000
959000 75.000000
960000 87.000000
961000 74.000000
962000 104.000000
963000 81.000000
964000 66.000000
965000 93.000000
966000 77.000000
967000 93.000000
968000 95.000000
969000 77.000000
970000 91.000000
971000 76.000000
972000 78.000000
973000 77.000000
974000 77.000000
975000 82.000000
976000 64.000000
977000 77.000000
978000 78.000000
979000 78.000000
980000 82.000000
981000 65.000000
982000 70.000000
983000 78.000000
984000 77.000000
985000 87.000000
986000 80.000000
987000 77.000000
988000 87.000000
989000 75.000000
990000 93.000000
991000 109.000000
992000 124.000000
993000 125.000000
994000 90.000000
995000 90.000000
996000 73.000000
997000 109.000000
998000 77.000000
999000 93.000000
1000000 96.000000
