10000 2.000000
20000 3.000000
30000 6.000000
40000 17.000000
50000 9.000000
60000 9.000000
70000 13.000000
80000 14.000000
90000 15.000000
100000 15.000000
110000 37.000000
120000 18.000000
130000 22.000000
140000 67.000000
150000 30.000000
160000 35.000000
170000 36.000000
180000 65.000000
190000 53.000000
200000 40.000000
210000 53.000000
220000 94.000000
230000 57.000000
240000 58.000000
250000 51.000000
260000 63.000000
270000 169.000000
280000 62.000000
290000 63.000000
300000 63.000000
310000 70.000000
320000 79.000000
330000 93.000000
340000 78.000000
350000 69.000000
360000 179.000000
370000 257.000000
380000 130.000000
390000 186.000000
400000 234.000000
410000 238.000000
420000 225.000000
430000 136.000000
440000 214.000000
450000 115.000000
460000 139.000000
470000 267.000000
480000 239.000000
490000 277.000000
500000 346.000000
510000 350.000000
520000 311.000000
530000 144.000000
540000 268.000000
550000 190.000000
560000 254.000000
570000 194.000000
580000 112.000000
590000 110.000000
600000 110.000000
610000 280.000000
620000 128.000000
630000 132.000000
640000 126.000000
650000 239.000000
660000 152.000000
670000 175.000000
680000 160.000000
690000 175.000000
700000 274.000000
710000 196.000000
720000 172.000000
730000 191.000000
740000 192.000000
750000 199.000000
760000 203.000000
770000 206.000000
780000 205.000000
790000 223.000000
800000 226.000000
810000 231.000000
820000 240.000000
830000 258.000000
840000 236.000000
850000 238.000000
860000 240.000000
870000 193.000000
880000 176.000000
890000 159.000000
900000 176.000000
910000 177.000000
920000 177.000000
930000 192.000000
940000 191.000000
950000 180.000000
960000 194.000000
970000 198.000000
980000 188.000000
990000 237.000000
1000000 320.000000
