1 0.000000
10001 2.000000
20001 0.000000
30001 0.000000
40001 3.000000
50001 0.000000
60001 4.000000
70001 16.000000
80001 1.000000
90001 7.000000
100001 16.000000
110001 0.000000
120001 7.000000
130001 10.000000
140001 16.000000
150001 3.000000
160001 10.000000
170001 12.000000
180001 6.000000
190001 26.000000
200001 21.000000
210001 25.000000
220001 26.000000
230001 34.000000
240001 19.000000
250001 11.000000
260001 21.000000
270001 30.000000
280001 16.000000
290001 49.000000
300001 25.000000
310001 34.000000
320001 25.000000
330001 26.000000
340001 25.000000
350001 27.000000
360001 34.000000
370001 31.000000
380001 48.000000
390001 40.000000
400001 32.000000
410001 46.000000
420001 31.000000
430001 16.000000
440001 46.000000
450001 34.000000
460001 32.000000
470001 50.000000
480001 38.000000
490001 32.000000
500001 29.000000
510001 40.000000
520001 46.000000
530001 46.000000
540001 32.000000
550001 54.000000
560001 34.000000
570001 31.000000
580001 48.000000
590001 40.000000
600001 53.000000
610001 43.000000
620001 29.000000
630001 46.000000
640001 45.000000
650001 48.000000
660001 70.000000
670001 56.000000
680001 48.000000
690001 48.000000
700001 48.000000
710001 52.000000
720001 48.000000
730001 63.000000
740001 48.000000
750001 72.000000
760001 81.000000
770001 52.000000
780001 122.000000
790001 210.000000
800001 110.000000
810001 122.000000
820001 105.000000
830001 79.000000
840001 143.000000
850001 95.000000
860001 111.000000
870001 110.000000
880001 126.000000
890001 105.000000
900001 80.000000
910001 115.000000
920001 79.000000
930001 96.000000
940001 205.000000
950001 138.000000
960001 127.000000
970001 175.000000
980001 181.000000
990001 175.000000
