1 145.000000
10001 288.000000
20001 330.000000
30001 331.000000
40001 300.000000
50001 252.000000
60001 270.000000
70001 243.000000
80001 264.000000
90001 294.000000
100001 273.000000
110001 253.000000
120001 267.000000
130001 243.000000
140001 280.000000
150001 288.000000
160001 255.000000
170001 240.000000
180001 299.000000
190001 270.000000
200001 324.000000
210001 322.000000
220001 363.000000
230001 433.000000
240001 285.000000
250001 289.000000
260001 512.000000
270001 285.000000
280001 405.000000
290001 332.000000
300001 469.000000
310001 317.000000
320001 280.000000
330001 283.000000
340001 266.000000
350001 275.000000
360001 270.000000
370001 241.000000
380001 268.000000
390001 327.000000
400001 420.000000
410001 328.000000
420001 355.000000
430001 306.000000
440001 343.000000
450001 266.000000
460001 304.000000
470001 280.000000
480001 302.000000
490001 300.000000
500001 275.000000
510001 261.000000
520001 248.000000
530001 264.000000
540001 251.000000
550001 258.000000
560001 268.000000
570001 333.000000
580001 312.000000
590001 308.000000
600001 335.000000
610001 341.000000
620001 260.000000
630001 271.000000
640001 254.000000
650001 301.000000
660001 366.000000
670001 302.000000
680001 262.000000
690001 257.000000
700001 266.000000
710001 275.000000
720001 257.000000
730001 296.000000
740001 303.000000
750001 359.000000
760001 358.000000
770001 350.000000
780001 654.000000
790001 749.000000
800001 852.000000
810001 623.000000
820001 669.000000
830001 604.000000
840001 748.000000
850001 511.000000
860001 494.000000
870001 484.000000
880001 396.000000
890001 497.000000
900001 504.000000
910001 285.000000
920001 305.000000
930001 287.000000
940001 336.000000
950001 669.000000
960001 513.000000
970001 602.000000
980001 508.000000
990001 770.000000
