10000 1.000000
20000 3.000000
30000 5.000000
40000 3.000000
50000 3.000000
60000 7.000000
70000 4.000000
80000 10.000000
90000 11.000000
100000 11.000000
110000 13.000000
120000 15.000000
130000 18.000000
140000 10.000000
150000 26.000000
160000 20.000000
170000 31.000000
180000 25.000000
190000 51.000000
200000 47.000000
210000 38.000000
220000 31.000000
230000 45.000000
240000 37.000000
250000 34.000000
260000 28.000000
270000 35.000000
280000 37.000000
290000 31.000000
300000 39.000000
310000 41.000000
320000 64.000000
330000 33.000000
340000 25.000000
350000 32.000000
360000 42.000000
370000 100.000000
380000 64.000000
390000 61.000000
400000 84.000000
410000 113.000000
420000 96.000000
430000 80.000000
440000 110.000000
450000 70.000000
460000 63.000000
470000 123.000000
480000 128.000000
490000 100.000000
500000 157.000000
510000 163.000000
520000 141.000000
530000 128.000000
540000 97.000000
550000 77.000000
560000 111.000000
570000 155.000000
580000 63.000000
590000 92.000000
600000 64.000000
610000 87.000000
620000 145.000000
630000 79.000000
640000 59.000000
650000 116.000000
660000 149.000000
670000 96.000000
680000 80.000000
690000 95.000000
700000 96.000000
710000 89.000000
720000 101.000000
730000 96.000000
740000 111.000000
750000 116.000000
760000 96.000000
770000 98.000000
780000 112.000000
790000 111.000000
800000 113.000000
810000 122.000000
820000 117.000000
830000 116.000000
840000 125.000000
850000 111.000000
860000 112.000000
870000 146.000000
880000 88.000000
890000 96.000000
900000 97.000000
910000 114.000000
920000 96.000000
930000 100.000000
940000 108.000000
950000 100.000000
960000 97.000000
970000 95.000000
980000 100.000000
990000 110.000000
1000000 143.000000
